tests/resources/model_parameters/Benn_LaPalma_sky_converted.ecsv
# %ECSV 1.0
# ---
# datatype:
# - {name: wavelength, unit: nm, datatype: float64, description: Wavelength}
# - {name: differential photon rate, unit: 1e+09 / (nm s sr m2), datatype: float64, description: Differential photon rate}
# meta: !!omap
# - {Name: nsb_reference_spectrum}
# - {File: /workdir/external/simtools/tests/resources/model_parameters/Benn_LaPalma_sky_converted.ecsv}
# - {'Description:': NSB spectrum}
# - {context_from_sim_telarray: "Nightsky spectrum from Benn & Ellison (astro-ph/9909153 actually), in original units and converted\n\
#     to photons per wavelength interval, time, area, and solid angle.\n\nConversion factor from column two [microJy/(arcsec)^2] to column\
#     \ 3 [10^9 ph. / (nm s m^2 sr)] is\n1e-6*1e-23*1e-7*1e4/(lambda*1e-9/6.6260696e-34)*(pi/180./3600.)**(-2)/1e9/1e9 = 642.09/lambda\n\
#     [micro][Jy->erg][erg->J][cm**-2->m**-2][1/(h*nu)/(d lambda/d nu)][arcsec**-2->sr**-1][1/m->1/nm][1/s->1/ns]\nwhere lambda is the\
#     \ value in column one [nm] and (h*nu)*(d lambda/d nu) = h * lambda, using\nh = 6.6260696e-34 J*s,\n1 Jy = 10^-23 erg s^-1 cm^-2\
#     \ Hz^-1,\n1 microJy = 1e-6 * 1e-23 erg / s / cm^2 / Hz = 1e-6 * 1e-23 * 1e-7 J / s * 1e4 / m^2 / Hz = 1e-32 J / (s m^2 Hz).\n\n\
#     See also notes at the end of this file for further units and other sources of NSB.\n\nLambda     fnu (original)     diff. photon\
#     \ rate\n[nm ]   [microJy/(arcsec)^2] [10^9 / (nm s m^2 sr)]\n\nResults from the conversion into other commonly used units:\nIn the\
#     \ wavelength range 300 to 650 nm we have:\n2.60862e+12 photons / m^2 / s / sr\nIn a pixel of diameter 4.100 cm at a mirror of 106.3\
#     \ m^2 area and 15.00 m focal length we get:\n1.79415e+09 photons per pixel / s (without any losses).\nIn the V band we have a mean\
#     \ flux of 9.98773 microJansky/(arc sec)^2,\ncorresponding to magn. 21.40 / (arc sec)^2.\n\nFor comparison, NSB measurements at the\
#     \ La Palma HEGRA/MAGIC site are:\nMirzoyan & Lorenz (1994): (1.75+-0.4) * 10^{12} photons/(m^2 s sr) in 300-600 nm range.\nPreuss\
#     \ et al. (2002): (2.60+-0.35) * 10^{12} photons/(m^2 s sr) in 300-650 nm range\nfor Alt > 60 deg, |b| > 20 deg., no stars brighter\
#     \ than mag. 6.\nScaling the Mirzoyan & Lorenz measurement to the 300-650 nm range of the Preuss et al.\nmeasurement, using the B&E\
#     \ spectral shape, would be (2.41+-0.55) * 10^{12} photons/(m^2 s sr)\nand the weighted average of the two would be (2.55+-0.30)\
#     \ * 10^{12} photons/(m^2 s sr),\nconsistent with the spectrum as in this file.\n\nWhile the astro-ph/9909153 paper describes the\
#     \ spectrum just as \"typical spectrum\",\nthe \"Technical Note 115\", apparently showing the same spectrum, describes it\nas taken\
#     \ in March 1991. That would be near solar maximum and the 1990-1992\naverage V band sky brightness on La Palma in Table 1 of TN115\
#     \ of magn. 21.5 / (arc sec)^2\nis consistent with the 21.40 derived above and with solar maximum expectations.\n\nAmong the other\
#     \ non-SI units are those for the luminance, like the Lambert (\"la\"),\nor Stilb (\"sb\"), related to the SI unit for luminous intensity\
#     \ Candela (\"cd\"):\n1 la = (1/pi) sb = (10^4/pi) cd/m^2.\n1 Candela is the luminous intensity of a monochromatic light source of\n\
#     540e12 Hertz frequency (i.e.555 nm) emitting a radiant intensity of 1/683 Watt / steradian.\nFor other wavelengths the sensitivity\
#     \ curve of the human eye for bright light is applied.\nThus better avoided and not really applicable for Cherenkov light background.\n\
#     \nA V band sky brightness of 22.0 mag within 1 (arc sec)^2,\nabout the darkest sky ever observed in zenith for clear sky,\ncorresponds\
#     \ to f_nu of 5.77 microJy/(arc sec)^2 near 550 nm or\n8.10e9 photons/(nm s m^2 sr). According to darksky.org information sheet #99\n\
#     it corresponds to a luminance of 2e-4 cd/m^2 or 54 nanoLamberts\n(note: direct conversion at 550 nm - at the peak of the human eye\
#     \ efficacy -\nwould result in about 84 nanoLamberts; the efficacy curve really matters).\nB&E TN115 quote a V band brightness of\
#     \ 21.9 mag for high elevation,\nhigh galactic latitude, high ecliptic latitude and near solar minimum,\nwith typical increase of\
#     \ 0.4 mag at solar maximum, 0.4 mag at low ecliptic\nlatitude, 0.25 mag at airmass 1.5 (zenith angle 48 deg.), and < 0.1 mag\nchange\
#     \ during the night.\n\nFor any conversion to astronomical magnitude units, keep in mind that\n1 Jy = 10^-23 erg sec^-1 cm^-2 Hz^-1,\n\
#     resulting in the transformation\n1 Jy = 1.51e7 photons sec^-1 m^-2 (dlambda/lambda)^-1\n\nThe most physical magnitude system is\
#     \ the AB system, with\nm(AB) = -2.5 log10(f_nu) - 48.60, with f_nu in erg/(s cm^2 Hz)\nor approximately\nm(AB) = -2.5 log10(f_nu\
#     \ / 3610 Jy).\nThe Johnson system has the following fluxes for magnitude zero:\nFilt. lambda  dlambda   mag 0\nname   [nm]   FWHM[nm]\
#     \   [Jy]\nU \t 360\t 150 \t1810\nB \t 440\t 220 \t4260\nV \t 550 \t 160\t3640\nR \t 640\t 230\t3080\nI \t 790\t 190\t2550\n\nTransformations\
#     \ between AB and Johnson magnitudes:\nB\t=   B(AB) + 0.163\nV\t=   V(AB) + 0.044\nR\t=   R(AB) - 0.055\nI\t=   I(AB) - 0.309\n\n\
#     A conversion between V magnitudes per square arc seconds (ms2) and\nnanoLamberts (nL) is: nL = 34.08 exp(20.7233 - 0.92104 ms2)\n\
#     [Krisciunas and Schaefer, PASP 103 (1991), 1033.]\nThe S10 unit (one mag 10 star per square degree) is 0.263 nL.\nAlso from Krisciunas\
#     \ and Schaefer is the sky brightness b [nL] as a\nfunction of zenith angle:\nb(z) = b(0) * 10^(-0.4*k*(X-1)) where X=(1-0.96*sin^2(z))^(-0.5)\n\
#     and k is the extinction coefficient in magnitudes per air mass X.\nThey give the following set of equations for the sky brightness\
#     \ due\nto moon light at separations above 10 degrees:\nI = 10^(-0.4*(3.84 + 0.026*abs(alpha) + 4e-9*alpha^4 - o))\nf(rho) = 10^5.36\
#     \ * (1.06+(cos(rho))^2) + 10^(6.15-rho/40)\nX(z) = (1 - 0.96*(sin(z))^2)^(-0.5)\nbm = f(rho) * I * 10^(-0.4*k*X(zm)) * (1-10^(-0.4*k*X(z)))\n\
#     with lunar phase angle: alpha [deg], moon/sky separation: rho, extinction\ncoefficient: k, zenith angle of the moon: zm, zenith\
#     \ angle of the\nsky position: z. This is ignoring the \"opposition effect\" where the\nmoon can be up to 35% brighter (for |alpha|\
#     \ < 7 deg), i.e. o=0.\nTo include this effect use something like o(alpha)=0.32*exp(-0.5*(alpha/5 deg)^2).\nResulting change in V-band\
#     \ sky brightness (no moon: b):\nDelta V = -2.5*log10((bm + b(z))/b(z))\n\nThe following are NSB brightess values for different moon\
#     \ phases\n(data from CTIO (A.R. Walker 1987), via wikipedia or from ESO):\nLunar Age \tU \tB \tV \tR \tI      z\n(days)\n0     22.0\
#     \    22.7    21.8    20.9    19.9    18.8\n3     21.5    22.4    21.7    20.8    19.9    18.8\n7     19.9    21.6    21.4    20.6\
#     \    19.7    18.6\n10     18.5    20.7    20.7    20.3    19.5    18.3\n14     17.0    19.5    20.0    19.9    19.2    18.1\nwith\
#     \ the values in the z filter band coming from\nhttp://www.eso.org/observing/etc/doc/helpfors.html#atmosphere .\n(Note that the spectrum\
#     \ of moon light is similar to the solar spectrum).\n\nA similar table for La Palma (http://www.tng.iac.es/info/la_palma_sky.html)\n\
#     Days from new moon\nU       B       V       R       I       z Gunn\n0     22.5    22.8    21.8    20.9    19.7    19.3\n3     22.3\
#     \    22.5    21.6    20.8    19.6    19.2\n7     21.4    21.4    20.7    20.2    19.1    18.7\n10     20.4    20.3    19.6    19.2\
#     \    18.2    17.8\n14     19.3    19.1    18.5    18.2    17.3    16.9\n\nBe aware that the two tables differ substantially in spectral\
#     \ behaviour\n(for CTIO differences in R and I are much smaller than at short\nwavelengths; for La Palma this is not the case).\n\
#     \nThe Benn & Ellison spectral data should be valid far from the galactic plane,\nalso from the ecliptic (little zodiacal light,\
#     \ which also has\na different spectrum), apparently near solar maximum (not explicit\nin the paper but indicated in TN115), no moon,\
#     \ _between_ stars\nbrighter than V=20 mag, corresponding (as reported by B&E TN 115 as 1990-1992 average)\nto values of B=22.5 mag/(arc\
#     \ sec)^2, V=21.5 mag/(arc sec)^2.\nNote that this is consistent with the value V=21.4 derived from the spectrum.\n\nCloser to the\
#     \ galactic plane, more and more star light gets included in\nthe NSB seen by a Cherenkov telescope, with a mixture of stellar spectra.\n\
#     \nZodiacal light as a function of ecliptic coordinates\nbased on Leinert, in units of 10-8 W m^-2 sr^-1 micrometer^-1 m-^1 (????)\
#     \ at a wavelength of 500 nm\n\"The scale factor to convert these units into photons cm^-2 s^-1 sr-^1 A^-1 is 252 at 5000 A; ie,\n\
#     the numbers in the table have to be multiplied by 252.\"\n(source: http://tauvex.iiap.res.in/tauwiki/index.php/Zodiacal_Light)\n\
#     For photons / (nm m^2 s sr) the conversion factor is then 2.52e7. Thus even at the poles\nof the ecliptic about a quarter of a V=22\
#     \ mag/(arc sec)^2 sky is still zodiacal light.\n\nbeta |   0       5       10      15      20      25      30      45      60  \
#     \    75      90 <- hel. long.\n---- |   --      --      --      --      --      --      --      --      --      --      --\n0  \
#     \  |                           3140    1610    985     640     275     150     100     77\n5    |                           2940\
#     \    1540    945     625     271     150     100     77\n10   |                   4740    2470    1370    865     590     264  \
#     \   148     100     77\n15   |   11500   6780    3440    1860    1110    755     525     251     146     100     77\n20   |   6400\
#     \    4480    2410    1410    910     635     454     237     141     99      77\n25   |   3840    2830    1730    1100    749  \
#     \   545     410     223     136     97      77\n30   |   2480    1870    1220    845     615     467     365     207     131   \
#     \  95      77\n35   |   1650    1270    910     680     510     397     320     193     125     93      77\n40   |   1180    940\
#     \     700     530     416     338     282     179     120     92      77\n45   |   910     730     555     442     356     292 \
#     \    250     166     116     90      77\n60   |   505     442     352     292     243     209     183     134     104     86   \
#     \   77\n75   |   338     317     269     227     196     172     151     116     93      82      77\n90   |   259     251     225\
#     \     193     166     147     132     104     86      79      77\n105  |   212     210     197     170     150     133     119 \
#     \    96      82      77      77\n120  |   188     186     177     154     138     125     113     90      77      74      77\n135\
#     \  |   179     178     166     147     134     122     110     90      77      73      77\n150  |   179     178     165     148\
#     \     137     127     116     96      79      72      77\n165  |   196     192     179     165     151     141     131     104 \
#     \    82      72      77\n180  |   230     212     195     178     163     148     134     105     83      72      77\nwith a spectrum\
#     \ derived from the solar spectrum but - because of small scattering\nparticles - expected to have somewhat higher relative intensity\
#     \ in the blue (?)\n\nAnd then there are all the stars brighter than V=20 in addition ..."}
# schema: astropy-2.0
wavelength "differential photon rate"
300.0 0.0
315.0 0.3
330.0 1.0
350.16 1.824212
350.6 1.658375
351.26 1.160862
351.69 2.155887
352.13 2.6534
353.22 2.155887
353.66 3.814262
354.1 4.477612
354.54 3.814262
354.75 2.6534
355.19 2.487562
355.63 2.985075
356.5 1.824212
357.16 1.492537
357.81 1.492537
358.25 1.99005
359.13 1.160862
359.78 0.829187
360.66 1.99005
360.87 2.321725
361.75 2.155887
363.06 2.6534
364.59 2.487562
365.9 1.824212
366.78 1.658375
367.43 1.99005
367.87 1.492537
368.96 1.824212
370.27 1.824212
371.15 1.824212
372.24 2.6534
372.9 2.985075
373.99 2.819237
374.64 2.155887
375.96 2.155887
377.05 2.487562
377.49 2.6534
378.14 1.99005
379.02 2.487562
379.89 2.6534
380.55 2.155887
381.86 2.487562
382.95 2.487562
383.17 2.819237
384.04 2.321725
385.14 1.658375
386.01 1.99005
387.1 1.3267
389.07 2.321725
390.16 2.321725
390.6 2.487562
391.48 1.99005
392.13 4.809287
392.13 9.286899
392.79 11.276949
393.44 7.628524
393.44 4.477612
394.32 2.6534
395.63 1.824212
397.16 1.99005
398.47 1.99005
399.78 2.6534
401.53 2.819237
402.4 2.487562
403.06 3.482587
403.72 4.477612
404.59 3.150912
405.68 3.482587
406.99 3.150912
408.52 3.482587
409.18 1.99005
410.05 2.6534
410.71 2.819237
411.37 2.321725
412.01 2.484472
413.65 2.484472
415.28 3.312629
416.92 3.726708
418.56 2.898551
420.2 2.898551
422.38 2.070393
423.47 2.898551
425.11 2.898551
425.66 3.312629
427.29 2.898551
429.48 2.898551
430.57 3.312629
432.21 3.312629
433.3 2.898551
434.39 4.968944
434.93 5.797101
436.03 4.140787
437.12 2.898551
438.21 3.312629
440.39 4.554865
442.03 3.726708
444.21 3.726708
447.49 3.312629
449.67 3.726708
452.4 4.140787
454.59 4.140787
457.31 4.140787
460.04 4.140787
464.41 4.140787
468.23 4.140787
469.87 3.726708
471.51 4.554865
473.14 3.726708
475.33 4.968944
477.51 4.140787
479.15 4.554865
481.33 4.554865
482.97 5.797101
484.61 4.140787
486.79 4.140787
488.43 5.797101
490.07 4.140787
492.79 4.554865
495.52 5.383023
498.8 4.140787
500.98 4.968944
503.17 4.554865
505.9 4.968944
506.99 5.383023
509.72 4.554865
514.08 4.968944
516.27 5.383023
519.0 6.21118
521.18 5.383023
523.91 5.797101
526.09 4.968944
528.82 5.383023
529.91 5.797101
531.0 6.625259
532.64 6.625259
534.83 5.797101
543.01 5.797101
544.1 7.867495
545.2 8.695652
546.83 7.453416
548.47 6.625259
552.84 6.625259
554.48 10.766046
555.57 38.095238
557.21 72.049689
558.3 48.447205
559.39 13.664596
559.39 9.52381
561.57 7.453416
564.85 7.039337
569.21 7.867495
571.94 7.453416
575.76 8.695652
579.04 8.695652
581.22 8.281573
584.5 7.867495
586.14 12.836439
587.23 23.602484
588.86 32.712215
589.96 26.501035
589.96 17.391304
591.05 13.250518
592.14 11.594203
595.41 10.766046
600.33 9.109731
606.33 8.281573
611.24 8.281573
614.52 11.594203
617.79 9.109731
621.07 10.351967
623.8 13.250518
626.53 12.42236
627.62 26.915114
628.17 48.033126
629.26 66.252588
630.35 48.861284
631.44 22.360248
631.44 15.73499
632.53 11.594203
634.17 14.906832
634.72 21.94617
635.81 27.329193
636.9 21.94617
637.45 13.664596
638.54 9.109731
639.63 8.281573
642.9 8.281573
644.54 11.180124
645.63 12.836439
647.27 10.766046
649.45 12.42236
651.64 10.766046
653.28 12.42236
656.0 12.836439
661.46 8.695652
671.29 7.867495
679.48 7.867495
681.11 14.906832
682.75 20.289855
683.84 16.563147
685.48 18.63354
688.21 13.250518
689.85 14.906832
690.39 16.563147
694.21 16.977226
696.4 14.492754
699.67 12.008282
701.86 9.52381
704.59 10.766046
710.04 9.109731
713.86 10.351967
718.23 9.109731
720.41 9.109731
722.05 23.188406
722.6 37.681159
723.69 40.57971
724.24 33.954451
725.33 28.985507
726.42 36.024845
727.51 40.165631
728.06 32.712215
729.15 26.501035
730.24 31.469979
731.88 36.024845
733.52 34.36853
734.61 31.055901
736.24 27.743271
737.88 21.118012
738.97 22.774327
740.07 19.461698
741.16 15.320911
742.25 16.563147
743.89 15.73499
744.98 20.289855
746.62 26.086957
747.71 21.118012
749.34 14.906832
750.44 23.188406
751.53 30.641822
752.62 23.602484
753.71 17.391304
754.8 22.360248
755.9 25.258799
756.44 26.086957
758.08 21.94617
758.62 16.977226
759.72 14.078675
761.35 16.563147
762.99 13.250518
764.63 15.73499
766.81 13.664596
768.45 19.875776
769.0 29.399586
769.54 45.962733
770.09 55.486542
770.63 56.728778
771.72 45.962733
772.82 37.681159
773.36 48.447205
774.45 68.322981
775.55 76.604555
777.18 76.604555
777.73 62.111801
778.28 50.10352
779.37 45.548654
781.0 47.204969
782.1 41.407867
783.19 53.830228
784.28 71.221532
784.83 76.604555
785.92 67.908903
787.01 53.830228
788.1 45.962733
788.1 43.478261
789.19 57.142857
789.74 71.221532
790.28 78.26087
791.38 75.362319
791.38 61.283644
792.47 45.548654
793.01 36.438923
794.1 45.134576
795.2 55.486542
796.29 58.385093
797.38 61.697723
799.02 54.244306
799.56 46.79089
799.56 42.650104
800.66 48.861284
802.29 39.751553
803.38 27.329193
804.48 30.641822
805.57 28.15735
806.11 23.188406
806.66 17.805383
808.3 20.289855
808.84 21.118012
809.93 19.461698
811.03 14.492754
812.66 15.73499
815.39 12.836439
818.12 18.219462
821.94 13.250518
824.67 19.875776
825.76 59.213251
827.4 112.215321
829.04 85.300207
829.59 61.697723
830.68 33.954451
831.77 69.979296
832.31 96.89441
832.86 131.677019
834.5 122.981366
835.04 68.322981
836.14 47.204969
837.23 73.706004
838.86 92.339545
838.86 98.550725
839.96 85.714286
840.5 100.621118
841.05 106.004141
843.23 101.035197
843.23 89.855072
843.78 83.643892
844.32 94.824017
845.41 83.643892
845.96 57.556936
847.05 38.095238
848.69 55.486542
849.78 43.478261
850.33 29.399586
850.87 21.118012
851.97 27.743271
853.6 31.884058
854.15 26.915114
854.69 20.289855
855.79 16.149068
857.42 22.360248
859.61 36.024845
860.7 54.658385
861.79 63.768116
862.88 61.697723
864.52 67.908903
865.61 57.971014
866.7 44.720497
867.25 29.399586
868.89 19.461698
871.07 14.492754
872.71 40.165631
872.71 23.188406
873.25 65.424431
873.8 100.207039
874.34 132.919255
875.44 182.608696
876.53 155.693582
877.07 101.863354
877.07 127.950311
877.62 69.979296
878.71 43.478261
879.8 86.542443
880.35 176.811594
880.35 132.091097
881.44 210.766046
882.53 154.037267
883.08 103.933747
884.17 67.494824
885.81 103.933747
886.35 133.747412
887.45 142.028986
887.99 135.817805
888.54 133.747412
889.08 144.513458
889.63 161.490683
890.72 153.623188
891.27 139.958592
892.36 89.026915
892.9 115.942029
893.45 133.333333
895.09 108.902692
895.63 72.877847
896.18 55.072464
897.27 72.877847
897.82 89.026915
899.45 65.010352
900.0 38.509317
900.55 29.813665
901.64 46.376812
902.73 57.971014
904.37 38.923395
905.46 20.289855
907.1 26.086957
908.19 31.055901
909.28 23.602484
910.92 13.664596
913.1 18.63354
914.19 22.774327
915.28 16.563147
916.92 11.180124
919.1 16.563147
920.2 20.289855
922.38 17.391304
922.93 24.84472
923.47 37.267081
924.56 38.923395
926.75 27.329193
927.29 43.478261
927.84 82.815735
928.38 198.757764
930.02 252.173913
931.11 145.755694
932.21 77.846791
933.3 37.267081
934.39 159.42029
936.03 255.486542
937.12 150.310559
938.21 84.886128
940.39 155.279503
940.94 213.250518
942.58 251.345756
943.67 190.890269
944.76 247.204969
946.94 184.26501
948.03 140.786749
949.13 162.732919
951.86 76.190476
954.59 173.913043
957.31 40.993789
959.5 79.917184
962.23 34.36853
964.41 89.855072
966.05 155.279503
967.69 186.335404
968.23 208.695652
969.32 221.118012
999.0 221.118012
