tests/resources/generated/spe_LSTN_01_2025-04-03.ecsv
# %ECSV 1.0
# ---
# datatype:
# - {name: amplitude, datatype: float64}
# - {name: frequency (prompt), datatype: float64}
# - {name: frequency (prompt+afterpulsing), datatype: float64}
# meta: !!omap
# - comments: [Norm_spe processing of single-p.e. response., Table with 250 rows has been read from file /tmp/tmpslz4ze8l, Scaling x axis
#       by factor 0.995334, Scaling y axis by factor 0.0527663, Folding in afterpulse spectrum from file '/tmp/tmpc186x3xl' enforcing
#       uniform, sampling of 2109 steps of size 0.019907 from 0.009953 to 41.973234., 'Afterpulse ratio (prompt x AP folded) above 4.000000
#       mean p.e.: 0.000037', 'Mean(prompt) = 1.000, peak at 1.174 (sum=1.000)', 'Fraction of events below 10% of mean: 0.044', 'Fraction
#       of events below 20% of mean: 0.083', 'Fraction of events below 30% of mean: 0.117', 'Sqrt(Excess noise factor): 1.103, ENF = 1.216',
#     'Note: collection efficiency losses should be included in low amplitude signals.', Rebinning to 2101 uniform steps of size 0.020000
#       from 0.000000 to 42.000000.]
# - cta:
#     activity:
#       end: '2026-04-13T18:36:58+00:00'
#       id: 019d8821-ed84-7a91-a57c-3811c0bc1bb3
#       name: simtools-derive-photon-electron-spectrum
#       software: {name: simtools, version: 0.29.1.dev146+ge052d4262.d20260413}
#       start: '2026-04-13T18:36:58+00:00'
#       type: software
#     contact: {name: G.Maier, orcid: 0000-0001-9868-4700, organization: CTAO}
#     instrument: {class: telescopes, id: LSTN-01, site: North, type: LSTN}
#     process: {type: simulation}
#     product:
#       creation_time: '2026-04-13T18:36:58+00:00'
#       data:
#         category: SIM
#         level: R1
#         model: {name: single_pe_spectrum, url: 'https://raw.githubusercontent.com/gammasim/simtools/main/src/simtools/schemas//model_parameters/pm_photoelectron_spectrum.schema.yml',
#           version: 0.0.0}
#         type: Service
#       filename: spe_LSTN_01_2025-04-03.ecsv
#       format: ecsv
#       id: 019d8821-ef5d-7f34-9782-6e7e068a26e6
#     reference: {version: 2.0.0}
# schema: astropy-2.0
amplitude "frequency (prompt)" "frequency (prompt+afterpulsing)"
[from data line 1519]
30.38 0.0 4.7006e-09
30.4 0.0 4.6595e-09
30.42 0.0 4.6187e-09
30.44 0.0 4.5782e-09
30.46 0.0 4.5381e-09
30.48 0.0 4.4983e-09
30.5 0.0 4.4588e-09
30.52 0.0 4.4197e-09
30.54 0.0 4.3809e-09
30.56 0.0 4.3424e-09
30.58 0.0 4.3042e-09
30.6 0.0 4.2663e-09
30.62 0.0 4.2288e-09
30.64 0.0 4.1916e-09
30.66 0.0 4.1546e-09
30.68 0.0 4.118e-09
30.7 0.0 4.0817e-09
30.72 0.0 4.0457e-09
30.74 0.0 4.0099e-09
30.76 0.0 3.9745e-09
30.78 0.0 3.9394e-09
30.8 0.0 3.9045e-09
30.82 0.0 3.87e-09
30.84 0.0 3.8357e-09
30.86 0.0 3.8017e-09
30.88 0.0 3.7681e-09
30.9 0.0 3.7346e-09
30.92 0.0 3.7015e-09
30.94 0.0 3.6686e-09
30.96 0.0 3.6361e-09
30.98 0.0 3.6037e-09
31.0 0.0 3.5717e-09
31.02 0.0 3.5399e-09
31.04 0.0 3.5084e-09
31.06 0.0 3.4772e-09
31.08 0.0 3.4462e-09
31.1 0.0 3.4155e-09
31.12 0.0 3.385e-09
31.14 0.0 3.3548e-09
31.16 0.0 3.3249e-09
31.18 0.0 3.2951e-09
31.2 0.0 3.2657e-09
31.22 0.0 3.2365e-09
31.24 0.0 3.2075e-09
31.26 0.0 3.1788e-09
31.28 0.0 3.1503e-09
31.3 0.0 3.1221e-09
31.32 0.0 3.0941e-09
31.34 0.0 3.0664e-09
31.36 0.0 3.0388e-09
31.38 0.0 3.0115e-09
31.4 0.0 2.9845e-09
31.42 0.0 2.9576e-09
31.44 0.0 2.931e-09
31.46 0.0 2.9047e-09
31.48 0.0 2.8785e-09
31.5 0.0 2.8526e-09
31.52 0.0 2.8269e-09
31.54 0.0 2.8014e-09
31.56 0.0 2.7761e-09
31.58 0.0 2.751e-09
31.6 0.0 2.7262e-09
31.62 0.0 2.7015e-09
31.64 0.0 2.6771e-09
31.66 0.0 2.6529e-09
31.68 0.0 2.6289e-09
31.7 0.0 2.6051e-09
31.72 0.0 2.5815e-09
31.74 0.0 2.5581e-09
31.76 0.0 2.5349e-09
31.78 0.0 2.5118e-09
31.8 0.0 2.489e-09
31.82 0.0 2.4664e-09
31.84 0.0 2.444e-09
31.86 0.0 2.4218e-09
31.88 0.0 2.3997e-09
31.9 0.0 2.3779e-09
31.92 0.0 2.3562e-09
31.94 0.0 2.3348e-09
31.96 0.0 2.3135e-09
31.98 0.0 2.2924e-09
32.0 0.0 2.2715e-09
32.02 0.0 2.2507e-09
32.04 0.0 2.2301e-09
32.06 0.0 2.2098e-09
32.08 0.0 2.1896e-09
32.1 0.0 2.1695e-09
32.12 0.0 2.1497e-09
32.14 0.0 2.13e-09
32.16 0.0 2.1104e-09
32.18 0.0 2.0911e-09
32.2 0.0 2.0719e-09
32.22 0.0 2.0529e-09
32.24 0.0 2.034e-09
32.26 0.0 2.0153e-09
32.28 0.0 1.9968e-09
32.3 0.0 1.9785e-09
32.32 0.0 1.9602e-09
32.34 0.0 1.9422e-09
32.36 0.0 1.9243e-09
32.38 0.0 1.9066e-09
32.4 0.0 1.889e-09
32.42 0.0 1.8716e-09
32.44 0.0 1.8543e-09
32.46 0.0 1.8372e-09
32.48 0.0 1.8202e-09
32.5 0.0 1.8034e-09
32.52 0.0 1.7867e-09
32.54 0.0 1.7701e-09
32.56 0.0 1.7537e-09
32.58 0.0 1.7375e-09
32.6 0.0 1.7214e-09
32.62 0.0 1.7054e-09
32.64 0.0 1.6896e-09
32.66 0.0 1.6739e-09
32.68 0.0 1.6584e-09
32.7 0.0 1.643e-09
32.72 0.0 1.6277e-09
32.74 0.0 1.6126e-09
32.76 0.0 1.5975e-09
32.78 0.0 1.5827e-09
32.8 0.0 1.5679e-09
32.82 0.0 1.5533e-09
32.84 0.0 1.5388e-09
32.86 0.0 1.5245e-09
32.88 0.0 1.5102e-09
32.9 0.0 1.4961e-09
32.92 0.0 1.4822e-09
32.94 0.0 1.4683e-09
32.96 0.0 1.4546e-09
32.98 0.0 1.441e-09
33.0 0.0 1.4275e-09
33.02 0.0 1.4141e-09
33.04 0.0 1.4008e-09
33.06 0.0 1.3877e-09
33.08 0.0 1.3747e-09
33.1 0.0 1.3618e-09
33.12 0.0 1.349e-09
33.14 0.0 1.3363e-09
33.16 0.0 1.3238e-09
33.18 0.0 1.3113e-09
33.2 0.0 1.299e-09
33.22 0.0 1.2867e-09
33.24 0.0 1.2746e-09
33.26 0.0 1.2626e-09
33.28 0.0 1.2507e-09
33.3 0.0 1.2389e-09
33.32 0.0 1.2272e-09
33.34 0.0 1.2156e-09
33.36 0.0 1.2041e-09
33.38 0.0 1.1927e-09
33.4 0.0 1.1815e-09
33.42 0.0 1.1703e-09
33.44 0.0 1.1592e-09
33.46 0.0 1.1482e-09
33.48 0.0 1.1374e-09
33.5 0.0 1.1266e-09
33.52 0.0 1.1159e-09
33.54 0.0 1.1053e-09
33.56 0.0 1.0948e-09
33.58 0.0 1.0844e-09
33.6 0.0 1.0741e-09
33.62 0.0 1.0639e-09
33.64 0.0 1.0538e-09
33.66 0.0 1.0437e-09
33.68 0.0 1.0338e-09
33.7 0.0 1.0239e-09
33.72 0.0 1.0142e-09
33.74 0.0 1.0045e-09
33.76 0.0 9.9492e-10
33.78 0.0 9.8542e-10
33.8 0.0 9.7601e-10
33.82 0.0 9.6668e-10
33.84 0.0 9.5744e-10
33.86 0.0 9.4828e-10
33.88 0.0 9.392e-10
33.9 0.0 9.3021e-10
33.92 0.0 9.213e-10
33.94 0.0 9.1247e-10
33.96 0.0 9.0372e-10
33.98 0.0 8.9505e-10
34.0 0.0 8.8646e-10
34.02 0.0 8.7794e-10
34.04 0.0 8.6951e-10
34.06 0.0 8.6115e-10
34.08 0.0 8.5287e-10
34.1 0.0 8.4466e-10
34.12 0.0 8.3653e-10
34.14 0.0 8.2847e-10
34.16 0.0 8.2049e-10
34.18 0.0 8.1258e-10
34.2 0.0 8.0474e-10
34.22 0.0 7.9697e-10
34.24 0.0 7.8928e-10
34.26 0.0 7.8165e-10
34.28 0.0 7.741e-10
34.3 0.0 7.6661e-10
34.32 0.0 7.592e-10
34.34 0.0 7.5185e-10
34.36 0.0 7.4457e-10
34.38 0.0 7.3735e-10
34.4 0.0 7.3021e-10
34.42 0.0 7.2312e-10
34.44 0.0 7.1611e-10
34.46 0.0 7.0916e-10
34.48 0.0 7.0227e-10
34.5 0.0 6.9545e-10
34.52 0.0 6.8868e-10
34.54 0.0 6.8199e-10
34.56 0.0 6.7535e-10
34.58 0.0 6.6877e-10
34.6 0.0 6.6226e-10
34.62 0.0 6.5581e-10
34.64 0.0 6.4941e-10
34.66 0.0 6.4308e-10
34.68 0.0 6.368e-10
34.7 0.0 6.3058e-10
34.72 0.0 6.2442e-10
34.74 0.0 6.1832e-10
34.76 0.0 6.1228e-10
34.78 0.0 6.0629e-10
34.8 0.0 6.0035e-10
34.82 0.0 5.9447e-10
34.84 0.0 5.8865e-10
34.86 0.0 5.8288e-10
34.88 0.0 5.7716e-10
34.9 0.0 5.715e-10
34.92 0.0 5.6589e-10
34.94 0.0 5.6033e-10
34.96 0.0 5.5483e-10
34.98 0.0 5.4937e-10
35.0 0.0 5.4397e-10
35.02 0.0 5.3862e-10
35.04 0.0 5.3332e-10
35.06 0.0 5.2806e-10
35.08 0.0 5.2286e-10
35.1 0.0 5.177e-10
35.12 0.0 5.126e-10
35.14 0.0 5.0754e-10
35.16 0.0 5.0253e-10
35.18 0.0 4.9757e-10
35.2 0.0 4.9265e-10
35.22 0.0 4.8778e-10
35.24 0.0 4.8295e-10
35.26 0.0 4.7817e-10
35.28 0.0 4.7344e-10
35.3 0.0 4.6875e-10
35.32 0.0 4.641e-10
35.34 0.0 4.595e-10
35.36 0.0 4.5494e-10
35.38 0.0 4.5043e-10
35.4 0.0 4.4596e-10
35.42 0.0 4.4153e-10
35.44 0.0 4.3714e-10
35.46 0.0 4.3279e-10
35.48 0.0 4.2849e-10
35.5 0.0 4.2422e-10
35.52 0.0 4.2e-10
35.54 0.0 4.1581e-10
35.56 0.0 4.1167e-10
35.58 0.0 4.0756e-10
35.6 0.0 4.035e-10
35.62 0.0 3.9947e-10
35.64 0.0 3.9548e-10
35.66 0.0 3.9153e-10
35.68 0.0 3.8762e-10
35.7 0.0 3.8374e-10
35.72 0.0 3.799e-10
35.74 0.0 3.761e-10
35.76 0.0 3.7233e-10
35.78 0.0 3.686e-10
35.8 0.0 3.6491e-10
35.82 0.0 3.6125e-10
35.84 0.0 3.5762e-10
35.86 0.0 3.5403e-10
35.88 0.0 3.5048e-10
35.9 0.0 3.4696e-10
35.92 0.0 3.4347e-10
35.94 0.0 3.4002e-10
35.96 0.0 3.3659e-10
35.98 0.0 3.3321e-10
36.0 0.0 3.2985e-10
36.02 0.0 3.2653e-10
36.04 0.0 3.2324e-10
36.06 0.0 3.1998e-10
36.08 0.0 3.1675e-10
36.1 0.0 3.1355e-10
36.12 0.0 3.1038e-10
36.14 0.0 3.0725e-10
36.16 0.0 3.0414e-10
36.18 0.0 3.0107e-10
36.2 0.0 2.9802e-10
36.22 0.0 2.95e-10
36.24 0.0 2.9201e-10
36.26 0.0 2.8906e-10
36.28 0.0 2.8613e-10
36.3 0.0 2.8322e-10
36.32 0.0 2.8035e-10
36.34 0.0 2.7751e-10
36.36 0.0 2.7469e-10
36.38 0.0 2.719e-10
36.4 0.0 2.6913e-10
36.42 0.0 2.664e-10
36.44 0.0 2.6368e-10
36.46 0.0 2.61e-10
36.48 0.0 2.5834e-10
36.5 0.0 2.5571e-10
36.52 0.0 2.531e-10
36.54 0.0 2.5052e-10
36.56 0.0 2.4797e-10
36.58 0.0 2.4544e-10
36.6 0.0 2.4293e-10
36.62 0.0 2.4045e-10
36.64 0.0 2.3799e-10
36.66 0.0 2.3556e-10
36.68 0.0 2.3315e-10
36.7 0.0 2.3076e-10
36.72 0.0 2.284e-10
36.74 0.0 2.2606e-10
36.76 0.0 2.2374e-10
36.78 0.0 2.2145e-10
36.8 0.0 2.1917e-10
36.82 0.0 2.1692e-10
36.84 0.0 2.147e-10
36.86 0.0 2.1249e-10
36.88 0.0 2.1031e-10
36.9 0.0 2.0814e-10
36.92 0.0 2.06e-10
36.94 0.0 2.0388e-10
36.96 0.0 2.0178e-10
36.98 0.0 1.9971e-10
37.0 0.0 1.9765e-10
37.02 0.0 1.9561e-10
37.04 0.0 1.9359e-10
37.06 0.0 1.9159e-10
37.08 0.0 1.8962e-10
37.1 0.0 1.8766e-10
37.12 0.0 1.8572e-10
37.14 0.0 1.838e-10
37.16 0.0 1.819e-10
37.18 0.0 1.8001e-10
37.2 0.0 1.7815e-10
37.22 0.0 1.763e-10
37.24 0.0 1.7448e-10
37.26 0.0 1.7267e-10
37.28 0.0 1.7088e-10
37.3 0.0 1.691e-10
37.32 0.0 1.6735e-10
37.34 0.0 1.6561e-10
37.36 0.0 1.6389e-10
37.38 0.0 1.6219e-10
37.4 0.0 1.605e-10
37.42 0.0 1.5883e-10
37.44 0.0 1.5718e-10
37.46 0.0 1.5554e-10
37.48 0.0 1.5392e-10
37.5 0.0 1.5231e-10
37.52 0.0 1.5073e-10
37.54 0.0 1.4915e-10
37.56 0.0 1.476e-10
37.58 0.0 1.4605e-10
37.6 0.0 1.4453e-10
37.62 0.0 1.4302e-10
37.64 0.0 1.4152e-10
37.66 0.0 1.4004e-10
37.68 0.0 1.3858e-10
37.7 0.0 1.3712e-10
37.72 0.0 1.3569e-10
37.74 0.0 1.3427e-10
37.76 0.0 1.3286e-10
37.78 0.0 1.3146e-10
37.8 0.0 1.3009e-10
37.82 0.0 1.2872e-10
37.84 0.0 1.2737e-10
37.86 0.0 1.2603e-10
37.88 0.0 1.247e-10
37.9 0.0 1.2339e-10
37.92 0.0 1.2209e-10
37.94 0.0 1.2081e-10
37.96 0.0 1.1954e-10
37.98 0.0 1.1828e-10
38.0 0.0 1.1703e-10
38.02 0.0 1.158e-10
38.04 0.0 1.1457e-10
38.06 0.0 1.1336e-10
38.08 0.0 1.1217e-10
38.1 0.0 1.1098e-10
38.12 0.0 1.0981e-10
38.14 0.0 1.0865e-10
38.16 0.0 1.075e-10
38.18 0.0 1.0636e-10
38.2 0.0 1.0523e-10
38.22 0.0 1.0412e-10
38.24 0.0 1.0302e-10
38.26 0.0 1.0192e-10
38.28 0.0 1.0084e-10
38.3 0.0 9.9772e-11
38.32 0.0 9.8713e-11
38.34 0.0 9.7664e-11
38.36 0.0 9.6626e-11
38.38 0.0 9.5599e-11
38.4 0.0 9.4582e-11
38.42 0.0 9.3576e-11
38.44 0.0 9.258e-11
38.46 0.0 9.1594e-11
38.48 0.0 9.0618e-11
38.5 0.0 8.9652e-11
38.52 0.0 8.8696e-11
38.54 0.0 8.7749e-11
38.56 0.0 8.6813e-11
38.58 0.0 8.5886e-11
38.6 0.0 8.4968e-11
38.62 0.0 8.406e-11
38.64 0.0 8.3161e-11
38.66 0.0 8.2272e-11
38.68 0.0 8.1391e-11
38.7 0.0 8.052e-11
38.72 0.0 7.9657e-11
38.74 0.0 7.8804e-11
38.76 0.0 7.7959e-11
38.78 0.0 7.7123e-11
38.8 0.0 7.6295e-11
38.82 0.0 7.5476e-11
38.84 0.0 7.4665e-11
38.86 0.0 7.3863e-11
38.88 0.0 7.3069e-11
38.9 0.0 7.2283e-11
38.92 0.0 7.1506e-11
38.94 0.0 7.0736e-11
38.96 0.0 6.9974e-11
38.98 0.0 6.922e-11
39.0 0.0 6.8474e-11
39.02 0.0 6.7736e-11
39.04 0.0 6.7005e-11
39.06 0.0 6.6282e-11
39.08 0.0 6.5567e-11
39.1 0.0 6.4859e-11
39.12 0.0 6.4158e-11
39.14 0.0 6.3464e-11
39.16 0.0 6.2778e-11
39.18 0.0 6.2098e-11
39.2 0.0 6.1426e-11
39.22 0.0 6.0761e-11
39.24 0.0 6.0103e-11
39.26 0.0 5.9451e-11
39.28 0.0 5.8807e-11
39.3 0.0 5.8169e-11
39.32 0.0 5.7537e-11
39.34 0.0 5.6913e-11
39.36 0.0 5.6294e-11
39.38 0.0 5.5683e-11
39.4 0.0 5.5077e-11
39.42 0.0 5.4478e-11
39.44 0.0 5.3885e-11
39.46 0.0 5.3299e-11
39.48 0.0 5.2718e-11
39.5 0.0 5.2144e-11
39.52 0.0 5.1576e-11
39.54 0.0 5.1013e-11
39.56 0.0 5.0457e-11
39.58 0.0 4.9906e-11
39.6 0.0 4.9361e-11
39.62 0.0 4.8822e-11
39.64 0.0 4.8288e-11
39.66 0.0 4.776e-11
39.68 0.0 4.7238e-11
39.7 0.0 4.6721e-11
39.72 0.0 4.6209e-11
39.74 0.0 4.5703e-11
39.76 0.0 4.5203e-11
39.78 0.0 4.4707e-11
39.8 0.0 4.4217e-11
39.82 0.0 4.3732e-11
39.84 0.0 4.3252e-11
39.86 0.0 4.2777e-11
39.88 0.0 4.2307e-11
39.9 0.0 4.1842e-11
39.92 0.0 4.1382e-11
39.94 0.0 4.0927e-11
39.96 0.0 4.0476e-11
39.98 0.0 4.0031e-11
40.0 0.0 3.959e-11
40.02 0.0 3.9154e-11
40.04 0.0 3.8722e-11
40.06 0.0 3.8295e-11
40.08 0.0 3.7873e-11
40.1 0.0 3.7455e-11
40.12 0.0 3.7041e-11
40.14 0.0 3.6632e-11
40.16 0.0 3.6227e-11
40.18 0.0 3.5827e-11
40.2 0.0 3.543e-11
40.22 0.0 3.5038e-11
40.24 0.0 3.465e-11
40.26 0.0 3.4267e-11
40.28 0.0 3.3887e-11
40.3 0.0 3.3511e-11
40.32 0.0 3.314e-11
40.34 0.0 3.2772e-11
40.36 0.0 3.2408e-11
40.38 0.0 3.2049e-11
40.4 0.0 3.1693e-11
40.42 0.0 3.134e-11
40.44 0.0 3.0992e-11
40.46 0.0 3.0647e-11
40.48 0.0 3.0306e-11
40.5 0.0 2.9969e-11
40.52 0.0 2.9635e-11
40.54 0.0 2.9305e-11
40.56 0.0 2.8978e-11
40.58 0.0 2.8655e-11
40.6 0.0 2.8336e-11
40.62 0.0 2.8019e-11
40.64 0.0 2.7707e-11
40.66 0.0 2.7397e-11
40.68 0.0 2.7091e-11
40.7 0.0 2.6788e-11
40.72 0.0 2.6489e-11
40.74 0.0 2.6192e-11
40.76 0.0 2.5899e-11
40.78 0.0 2.5609e-11
40.8 0.0 2.5322e-11
40.82 0.0 2.5039e-11
40.84 0.0 2.4758e-11
40.86 0.0 2.448e-11
40.88 0.0 2.4206e-11
40.9 0.0 2.3934e-11
40.92 0.0 2.3665e-11
40.94 0.0 2.3399e-11
40.96 0.0 2.3136e-11
40.98 0.0 2.2876e-11
41.0 0.0 2.2619e-11
41.02 0.0 2.2364e-11
41.04 0.0 2.2112e-11
41.06 0.0 2.1863e-11
41.08 0.0 2.1617e-11
41.1 0.0 2.1373e-11
41.12 0.0 2.1132e-11
41.14 0.0 2.0894e-11
41.16 0.0 2.0658e-11
41.18 0.0 2.0425e-11
41.2 0.0 2.0194e-11
41.22 0.0 1.9966e-11
41.24 0.0 1.974e-11
41.26 0.0 1.9517e-11
41.28 0.0 1.9296e-11
41.3 0.0 1.9078e-11
41.32 0.0 1.8862e-11
41.34 0.0 1.8648e-11
41.36 0.0 1.8437e-11
41.38 0.0 1.8228e-11
41.4 0.0 1.8021e-11
41.42 0.0 1.7816e-11
41.44 0.0 1.7614e-11
41.46 0.0 1.7414e-11
41.48 0.0 1.7216e-11
41.5 0.0 1.7021e-11
41.52 0.0 1.6827e-11
41.54 0.0 1.6636e-11
41.56 0.0 1.6446e-11
41.58 0.0 1.6259e-11
41.6 0.0 1.6074e-11
41.62 0.0 1.5891e-11
41.64 0.0 1.571e-11
41.66 0.0 1.553e-11
41.68 0.0 1.5353e-11
41.7 0.0 1.5178e-11
41.72 0.0 1.5005e-11
41.74 0.0 1.4833e-11
41.76 0.0 1.4664e-11
41.78 0.0 1.4496e-11
41.8 0.0 1.433e-11
41.82 0.0 1.4166e-11
41.84 0.0 1.4004e-11
41.86 0.0 1.3844e-11
41.88 0.0 1.3685e-11
41.9 0.0 1.3528e-11
41.92 0.0 1.3373e-11
41.94 0.0 1.322e-11
41.96 0.0 1.3068e-11
41.98 0.0 1.2969e-11
42.0 0.0 1.2969e-11
