tests/resources/generated/spe_LSTN_01_2025-04-03.ecsv
# %ECSV 1.0
# ---
# datatype:
# - {name: amplitude, datatype: float64}
# - {name: frequency (prompt), datatype: float64}
# - {name: frequency (prompt+afterpulsing), datatype: float64}
# meta: !!omap
# - comments: [Norm_spe processing of single-p.e. response., Table with 250 rows has been read from file /tmp/tmpslz4ze8l, Scaling x axis
#       by factor 0.995334, Scaling y axis by factor 0.0527663, Folding in afterpulse spectrum from file '/tmp/tmpc186x3xl' enforcing
#       uniform, sampling of 2109 steps of size 0.019907 from 0.009953 to 41.973234., 'Afterpulse ratio (prompt x AP folded) above 4.000000
#       mean p.e.: 0.000037', 'Mean(prompt) = 1.000, peak at 1.174 (sum=1.000)', 'Fraction of events below 10% of mean: 0.044', 'Fraction
#       of events below 20% of mean: 0.083', 'Fraction of events below 30% of mean: 0.117', 'Sqrt(Excess noise factor): 1.103, ENF = 1.216',
#     'Note: collection efficiency losses should be included in low amplitude signals.', Rebinning to 2101 uniform steps of size 0.020000
#       from 0.000000 to 42.000000.]
# - cta:
#     activity:
#       end: '2026-04-13T18:36:58+00:00'
#       id: 019d8821-ed84-7a91-a57c-3811c0bc1bb3
#       name: simtools-derive-photon-electron-spectrum
#       software: {name: simtools, version: 0.29.1.dev146+ge052d4262.d20260413}
#       start: '2026-04-13T18:36:58+00:00'
#       type: software
#     contact: {name: G.Maier, orcid: 0000-0001-9868-4700, organization: CTAO}
#     instrument: {class: telescopes, id: LSTN-01, site: North, type: LSTN}
#     process: {type: simulation}
#     product:
#       creation_time: '2026-04-13T18:36:58+00:00'
#       data:
#         category: SIM
#         level: R1
#         model: {name: single_pe_spectrum, url: 'https://raw.githubusercontent.com/gammasim/simtools/main/src/simtools/schemas//model_parameters/pm_photoelectron_spectrum.schema.yml',
#           version: 0.0.0}
#         type: Service
#       filename: spe_LSTN_01_2025-04-03.ecsv
#       format: ecsv
#       id: 019d8821-ef5d-7f34-9782-6e7e068a26e6
#     reference: {version: 2.0.0}
# schema: astropy-2.0
amplitude "frequency (prompt)" "frequency (prompt+afterpulsing)"
[from data line 746]
14.92 0.0 1.0082e-06
14.94 0.0 1.0031e-06
14.96 0.0 9.9795e-07
14.98 0.0 9.9286e-07
15.0 0.0 9.8779e-07
15.02 0.0 9.8274e-07
15.04 0.0 9.7771e-07
15.06 0.0 9.727e-07
15.08 0.0 9.6772e-07
15.1 0.0 9.6275e-07
15.12 0.0 9.5781e-07
15.14 0.0 9.5288e-07
15.16 0.0 9.4798e-07
15.18 0.0 9.431e-07
15.2 0.0 9.3824e-07
15.22 0.0 9.3339e-07
15.24 0.0 9.2857e-07
15.26 0.0 9.2377e-07
15.28 0.0 9.19e-07
15.3 0.0 9.1424e-07
15.32 0.0 9.095e-07
15.34 0.0 9.0478e-07
15.36 0.0 9.0008e-07
15.38 0.0 8.954e-07
15.4 0.0 8.9074e-07
15.42 0.0 8.8611e-07
15.44 0.0 8.8149e-07
15.46 0.0 8.7689e-07
15.48 0.0 8.7231e-07
15.5 0.0 8.6775e-07
15.52 0.0 8.6321e-07
15.54 0.0 8.587e-07
15.56 0.0 8.542e-07
15.58 0.0 8.4972e-07
15.6 0.0 8.4525e-07
15.62 0.0 8.4081e-07
15.64 0.0 8.3639e-07
15.66 0.0 8.3199e-07
15.68 0.0 8.2761e-07
15.7 0.0 8.2324e-07
15.72 0.0 8.189e-07
15.74 0.0 8.1457e-07
15.76 0.0 8.1026e-07
15.78 0.0 8.0598e-07
15.8 0.0 8.0171e-07
15.82 0.0 7.9746e-07
15.84 0.0 7.9322e-07
15.86 0.0 7.8901e-07
15.88 0.0 7.8482e-07
15.9 0.0 7.8064e-07
15.92 0.0 7.7648e-07
15.94 0.0 7.7235e-07
15.96 0.0 7.6822e-07
15.98 0.0 7.6412e-07
16.0 0.0 7.6004e-07
16.02 0.0 7.5597e-07
16.04 0.0 7.5193e-07
16.06 0.0 7.479e-07
16.08 0.0 7.4389e-07
16.1 0.0 7.3989e-07
16.12 0.0 7.3592e-07
16.14 0.0 7.3196e-07
16.16 0.0 7.2802e-07
16.18 0.0 7.241e-07
16.2 0.0 7.2019e-07
16.22 0.0 7.1631e-07
16.24 0.0 7.1244e-07
16.26 0.0 7.0859e-07
16.28 0.0 7.0475e-07
16.3 0.0 7.0094e-07
16.32 0.0 6.9714e-07
16.34 0.0 6.9336e-07
16.36 0.0 6.8959e-07
16.38 0.0 6.8584e-07
16.4 0.0 6.8211e-07
16.42 0.0 6.784e-07
16.44 0.0 6.747e-07
16.46 0.0 6.7103e-07
16.48 0.0 6.6736e-07
16.5 0.0 6.6372e-07
16.52 0.0 6.6009e-07
16.54 0.0 6.5648e-07
16.56 0.0 6.5288e-07
16.58 0.0 6.493e-07
16.6 0.0 6.4574e-07
16.62 0.0 6.4219e-07
16.64 0.0 6.3866e-07
16.66 0.0 6.3515e-07
16.68 0.0 6.3165e-07
16.7 0.0 6.2817e-07
16.72 0.0 6.2471e-07
16.74 0.0 6.2126e-07
16.76 0.0 6.1783e-07
16.78 0.0 6.1441e-07
16.8 0.0 6.1101e-07
16.82 0.0 6.0763e-07
16.84 0.0 6.0426e-07
16.86 0.0 6.0091e-07
16.88 0.0 5.9757e-07
16.9 0.0 5.9425e-07
16.92 0.0 5.9095e-07
16.94 0.0 5.8766e-07
16.96 0.0 5.8438e-07
16.98 0.0 5.8112e-07
17.0 0.0 5.7788e-07
17.02 0.0 5.7465e-07
17.04 0.0 5.7144e-07
17.06 0.0 5.6824e-07
17.08 0.0 5.6506e-07
17.1 0.0 5.6189e-07
17.12 0.0 5.5874e-07
17.14 0.0 5.556e-07
17.16 0.0 5.5248e-07
17.18 0.0 5.4937e-07
17.2 0.0 5.4628e-07
17.22 0.0 5.4321e-07
17.24 0.0 5.4014e-07
17.26 0.0 5.3709e-07
17.28 0.0 5.3406e-07
17.3 0.0 5.3104e-07
17.32 0.0 5.2804e-07
17.34 0.0 5.2505e-07
17.36 0.0 5.2207e-07
17.38 0.0 5.1911e-07
17.4 0.0 5.1617e-07
17.42 0.0 5.1323e-07
17.44 0.0 5.1032e-07
17.46 0.0 5.0741e-07
17.48 0.0 5.0452e-07
17.5 0.0 5.0165e-07
17.52 0.0 4.9879e-07
17.54 0.0 4.9594e-07
17.56 0.0 4.9311e-07
17.58 0.0 4.9029e-07
17.6 0.0 4.8748e-07
17.62 0.0 4.8469e-07
17.64 0.0 4.8191e-07
17.66 0.0 4.7914e-07
17.68 0.0 4.7639e-07
17.7 0.0 4.7365e-07
17.72 0.0 4.7093e-07
17.74 0.0 4.6822e-07
17.76 0.0 4.6552e-07
17.78 0.0 4.6284e-07
17.8 0.0 4.6017e-07
17.82 0.0 4.5751e-07
17.84 0.0 4.5486e-07
17.86 0.0 4.5223e-07
17.88 0.0 4.4962e-07
17.9 0.0 4.4701e-07
17.92 0.0 4.4442e-07
17.94 0.0 4.4184e-07
17.96 0.0 4.3927e-07
17.98 0.0 4.3672e-07
18.0 0.0 4.3418e-07
18.02 0.0 4.3165e-07
18.04 0.0 4.2913e-07
18.06 0.0 4.2663e-07
18.08 0.0 4.2414e-07
18.1 0.0 4.2166e-07
18.12 0.0 4.192e-07
18.14 0.0 4.1675e-07
18.16 0.0 4.143e-07
18.18 0.0 4.1188e-07
18.2 0.0 4.0946e-07
18.22 0.0 4.0706e-07
18.24 0.0 4.0467e-07
18.26 0.0 4.0229e-07
18.28 0.0 3.9992e-07
18.3 0.0 3.9756e-07
18.32 0.0 3.9522e-07
18.34 0.0 3.9289e-07
18.36 0.0 3.9057e-07
18.38 0.0 3.8826e-07
18.4 0.0 3.8597e-07
18.42 0.0 3.8368e-07
18.44 0.0 3.8141e-07
18.46 0.0 3.7915e-07
18.48 0.0 3.769e-07
18.5 0.0 3.7466e-07
18.52 0.0 3.7244e-07
18.54 0.0 3.7022e-07
18.56 0.0 3.6802e-07
18.58 0.0 3.6583e-07
18.6 0.0 3.6365e-07
18.62 0.0 3.6148e-07
18.64 0.0 3.5932e-07
18.66 0.0 3.5718e-07
18.68 0.0 3.5504e-07
18.7 0.0 3.5292e-07
18.72 0.0 3.508e-07
18.74 0.0 3.487e-07
18.76 0.0 3.4661e-07
18.78 0.0 3.4453e-07
18.8 0.0 3.4246e-07
18.82 0.0 3.404e-07
18.84 0.0 3.3835e-07
18.86 0.0 3.3631e-07
18.88 0.0 3.3429e-07
18.9 0.0 3.3227e-07
18.92 0.0 3.3026e-07
18.94 0.0 3.2827e-07
18.96 0.0 3.2629e-07
18.98 0.0 3.2431e-07
19.0 0.0 3.2235e-07
19.02 0.0 3.2039e-07
19.04 0.0 3.1845e-07
19.06 0.0 3.1652e-07
19.08 0.0 3.146e-07
19.1 0.0 3.1268e-07
19.12 0.0 3.1078e-07
19.14 0.0 3.0889e-07
19.16 0.0 3.0701e-07
19.18 0.0 3.0514e-07
19.2 0.0 3.0327e-07
19.22 0.0 3.0142e-07
19.24 0.0 2.9958e-07
19.26 0.0 2.9775e-07
19.28 0.0 2.9593e-07
19.3 0.0 2.9411e-07
19.32 0.0 2.9231e-07
19.34 0.0 2.9052e-07
19.36 0.0 2.8873e-07
19.38 0.0 2.8696e-07
19.4 0.0 2.8519e-07
19.42 0.0 2.8344e-07
19.44 0.0 2.8169e-07
19.46 0.0 2.7996e-07
19.48 0.0 2.7823e-07
19.5 0.0 2.7651e-07
19.52 0.0 2.748e-07
19.54 0.0 2.7311e-07
19.56 0.0 2.7142e-07
19.58 0.0 2.6973e-07
19.6 0.0 2.6806e-07
19.62 0.0 2.664e-07
19.64 0.0 2.6475e-07
19.66 0.0 2.631e-07
19.68 0.0 2.6147e-07
19.7 0.0 2.5984e-07
19.72 0.0 2.5822e-07
19.74 0.0 2.5662e-07
19.76 0.0 2.5502e-07
19.78 0.0 2.5342e-07
19.8 0.0 2.5184e-07
19.82 0.0 2.5027e-07
19.84 0.0 2.487e-07
19.86 0.0 2.4715e-07
19.88 0.0 2.456e-07
19.9 0.0 2.4406e-07
19.92 0.0 2.4253e-07
19.94 0.0 2.4101e-07
19.96 0.0 2.3949e-07
19.98 0.0 2.3799e-07
20.0 0.0 2.3649e-07
20.02 0.0 2.35e-07
20.04 0.0 2.3352e-07
20.06 0.0 2.3205e-07
20.08 0.0 2.3058e-07
20.1 0.0 2.2913e-07
20.12 0.0 2.2768e-07
20.14 0.0 2.2624e-07
20.16 0.0 2.2481e-07
20.18 0.0 2.2338e-07
20.2 0.0 2.2197e-07
20.22 0.0 2.2056e-07
20.24 0.0 2.1916e-07
20.26 0.0 2.1777e-07
20.28 0.0 2.1638e-07
20.3 0.0 2.1501e-07
20.32 0.0 2.1364e-07
20.34 0.0 2.1228e-07
20.36 0.0 2.1092e-07
20.38 0.0 2.0958e-07
20.4 0.0 2.0824e-07
20.42 0.0 2.0691e-07
20.44 0.0 2.0558e-07
20.46 0.0 2.0427e-07
20.48 0.0 2.0296e-07
20.5 0.0 2.0166e-07
20.52 0.0 2.0037e-07
20.54 0.0 1.9908e-07
20.56 0.0 1.978e-07
20.58 0.0 1.9653e-07
20.6 0.0 1.9526e-07
20.62 0.0 1.9401e-07
20.64 0.0 1.9276e-07
20.66 0.0 1.9151e-07
20.68 0.0 1.9028e-07
20.7 0.0 1.8905e-07
20.72 0.0 1.8783e-07
20.74 0.0 1.8661e-07
20.76 0.0 1.8541e-07
20.78 0.0 1.8421e-07
20.8 0.0 1.8301e-07
20.82 0.0 1.8183e-07
20.84 0.0 1.8065e-07
20.86 0.0 1.7947e-07
20.88 0.0 1.7831e-07
20.9 0.0 1.7715e-07
20.92 0.0 1.7599e-07
20.94 0.0 1.7485e-07
20.96 0.0 1.7371e-07
20.98 0.0 1.7257e-07
21.0 0.0 1.7145e-07
21.02 0.0 1.7033e-07
21.04 0.0 1.6921e-07
21.06 0.0 1.6811e-07
21.08 0.0 1.6701e-07
21.1 0.0 1.6591e-07
21.12 0.0 1.6482e-07
21.14 0.0 1.6374e-07
21.16 0.0 1.6267e-07
21.18 0.0 1.616e-07
21.2 0.0 1.6054e-07
21.22 0.0 1.5948e-07
21.24 0.0 1.5843e-07
21.26 0.0 1.5739e-07
21.28 0.0 1.5635e-07
21.3 0.0 1.5532e-07
21.32 0.0 1.5429e-07
21.34 0.0 1.5327e-07
21.36 0.0 1.5226e-07
21.38 0.0 1.5125e-07
21.4 0.0 1.5025e-07
21.42 0.0 1.4925e-07
21.44 0.0 1.4826e-07
21.46 0.0 1.4728e-07
21.48 0.0 1.463e-07
21.5 0.0 1.4533e-07
21.52 0.0 1.4436e-07
21.54 0.0 1.434e-07
21.56 0.0 1.4245e-07
21.58 0.0 1.415e-07
21.6 0.0 1.4055e-07
21.62 0.0 1.3961e-07
21.64 0.0 1.3868e-07
21.66 0.0 1.3775e-07
21.68 0.0 1.3683e-07
21.7 0.0 1.3592e-07
21.72 0.0 1.3501e-07
21.74 0.0 1.341e-07
21.76 0.0 1.332e-07
21.78 0.0 1.3231e-07
21.8 0.0 1.3142e-07
21.82 0.0 1.3054e-07
21.84 0.0 1.2966e-07
21.86 0.0 1.2879e-07
21.88 0.0 1.2792e-07
21.9 0.0 1.2706e-07
21.92 0.0 1.262e-07
21.94 0.0 1.2535e-07
21.96 0.0 1.245e-07
21.98 0.0 1.2366e-07
22.0 0.0 1.2282e-07
22.02 0.0 1.2199e-07
22.04 0.0 1.2116e-07
22.06 0.0 1.2034e-07
22.08 0.0 1.1953e-07
22.1 0.0 1.1872e-07
22.12 0.0 1.1791e-07
22.14 0.0 1.1711e-07
22.16 0.0 1.1631e-07
22.18 0.0 1.1552e-07
22.2 0.0 1.1473e-07
22.22 0.0 1.1395e-07
22.24 0.0 1.1317e-07
22.26 0.0 1.124e-07
22.28 0.0 1.1163e-07
22.3 0.0 1.1087e-07
22.32 0.0 1.1011e-07
22.34 0.0 1.0936e-07
22.36 0.0 1.0861e-07
22.38 0.0 1.0786e-07
22.4 0.0 1.0712e-07
22.42 0.0 1.0639e-07
22.44 0.0 1.0566e-07
22.46 0.0 1.0493e-07
22.48 0.0 1.0421e-07
22.5 0.0 1.0349e-07
22.52 0.0 1.0278e-07
22.54 0.0 1.0207e-07
22.56 0.0 1.0137e-07
22.58 0.0 1.0067e-07
22.6 0.0 9.9972e-08
22.62 0.0 9.9281e-08
22.64 0.0 9.8595e-08
22.66 0.0 9.7912e-08
22.68 0.0 9.7234e-08
22.7 0.0 9.6561e-08
22.72 0.0 9.5891e-08
22.74 0.0 9.5225e-08
22.76 0.0 9.4564e-08
22.78 0.0 9.3907e-08
22.8 0.0 9.3254e-08
22.82 0.0 9.2605e-08
22.84 0.0 9.196e-08
22.86 0.0 9.132e-08
22.88 0.0 9.0683e-08
22.9 0.0 9.005e-08
22.92 0.0 8.9421e-08
22.94 0.0 8.8797e-08
22.96 0.0 8.8176e-08
22.98 0.0 8.7559e-08
23.0 0.0 8.6946e-08
23.02 0.0 8.6337e-08
23.04 0.0 8.5731e-08
23.06 0.0 8.513e-08
23.08 0.0 8.4532e-08
23.1 0.0 8.3938e-08
23.12 0.0 8.3348e-08
23.14 0.0 8.2762e-08
23.16 0.0 8.218e-08
23.18 0.0 8.1601e-08
23.2 0.0 8.1026e-08
23.22 0.0 8.0454e-08
23.24 0.0 7.9886e-08
23.26 0.0 7.9322e-08
23.28 0.0 7.8761e-08
23.3 0.0 7.8204e-08
23.32 0.0 7.7651e-08
23.34 0.0 7.7101e-08
23.36 0.0 7.6555e-08
23.38 0.0 7.6012e-08
23.4 0.0 7.5473e-08
23.42 0.0 7.4937e-08
23.44 0.0 7.4404e-08
23.46 0.0 7.3875e-08
23.48 0.0 7.335e-08
23.5 0.0 7.2827e-08
23.52 0.0 7.2309e-08
23.54 0.0 7.1793e-08
23.56 0.0 7.1281e-08
23.58 0.0 7.0772e-08
23.6 0.0 7.0267e-08
23.62 0.0 6.9764e-08
23.64 0.0 6.9265e-08
23.66 0.0 6.877e-08
23.68 0.0 6.8277e-08
23.7 0.0 6.7788e-08
23.72 0.0 6.7302e-08
23.74 0.0 6.6819e-08
23.76 0.0 6.6339e-08
23.78 0.0 6.5862e-08
23.8 0.0 6.5389e-08
23.82 0.0 6.4918e-08
23.84 0.0 6.4451e-08
23.86 0.0 6.3987e-08
23.88 0.0 6.3525e-08
23.9 0.0 6.3067e-08
23.92 0.0 6.2612e-08
23.94 0.0 6.216e-08
23.96 0.0 6.171e-08
23.98 0.0 6.1264e-08
24.0 0.0 6.0821e-08
24.02 0.0 6.038e-08
24.04 0.0 5.9942e-08
24.06 0.0 5.9508e-08
24.08 0.0 5.9076e-08
24.1 0.0 5.8647e-08
24.12 0.0 5.8221e-08
24.14 0.0 5.7798e-08
24.16 0.0 5.7377e-08
24.18 0.0 5.6959e-08
24.2 0.0 5.6545e-08
24.22 0.0 5.6132e-08
24.24 0.0 5.5723e-08
24.26 0.0 5.5316e-08
24.28 0.0 5.4912e-08
24.3 0.0 5.4511e-08
24.32 0.0 5.4112e-08
24.34 0.0 5.3716e-08
24.36 0.0 5.3323e-08
24.38 0.0 5.2932e-08
24.4 0.0 5.2544e-08
24.42 0.0 5.2159e-08
24.44 0.0 5.1776e-08
24.46 0.0 5.1395e-08
24.48 0.0 5.1017e-08
24.5 0.0 5.0642e-08
24.52 0.0 5.0269e-08
24.54 0.0 4.9899e-08
24.56 0.0 4.9531e-08
24.58 0.0 4.9166e-08
24.6 0.0 4.8803e-08
24.62 0.0 4.8443e-08
24.64 0.0 4.8085e-08
24.66 0.0 4.773e-08
24.68 0.0 4.7376e-08
24.7 0.0 4.7026e-08
24.72 0.0 4.6677e-08
24.74 0.0 4.6331e-08
24.76 0.0 4.5988e-08
24.78 0.0 4.5646e-08
24.8 0.0 4.5307e-08
24.82 0.0 4.4971e-08
24.84 0.0 4.4636e-08
24.86 0.0 4.4304e-08
24.88 0.0 4.3974e-08
24.9 0.0 4.3647e-08
24.92 0.0 4.3321e-08
24.94 0.0 4.2998e-08
24.96 0.0 4.2677e-08
24.98 0.0 4.2359e-08
25.0 0.0 4.2042e-08
25.02 0.0 4.1728e-08
25.04 0.0 4.1415e-08
25.06 0.0 4.1105e-08
25.08 0.0 4.0797e-08
25.1 0.0 4.0491e-08
25.12 0.0 4.0188e-08
25.14 0.0 3.9886e-08
25.16 0.0 3.9586e-08
25.18 0.0 3.9289e-08
25.2 0.0 3.8993e-08
25.22 0.0 3.87e-08
25.24 0.0 3.8408e-08
25.26 0.0 3.8119e-08
25.28 0.0 3.7832e-08
25.3 0.0 3.7546e-08
25.32 0.0 3.7263e-08
25.34 0.0 3.6981e-08
25.36 0.0 3.6702e-08
25.38 0.0 3.6424e-08
25.4 0.0 3.6148e-08
25.42 0.0 3.5875e-08
25.44 0.0 3.5603e-08
25.46 0.0 3.5333e-08
25.48 0.0 3.5065e-08
25.5 0.0 3.4798e-08
25.52 0.0 3.4534e-08
25.54 0.0 3.4272e-08
25.56 0.0 3.4011e-08
25.58 0.0 3.3752e-08
25.6 0.0 3.3495e-08
25.62 0.0 3.324e-08
25.64 0.0 3.2986e-08
25.66 0.0 3.2735e-08
25.68 0.0 3.2485e-08
25.7 0.0 3.2237e-08
25.72 0.0 3.199e-08
25.74 0.0 3.1746e-08
25.76 0.0 3.1503e-08
25.78 0.0 3.1261e-08
25.8 0.0 3.1022e-08
25.82 0.0 3.0784e-08
25.84 0.0 3.0548e-08
25.86 0.0 3.0313e-08
25.88 0.0 3.008e-08
25.9 0.0 2.9849e-08
25.92 0.0 2.962e-08
25.94 0.0 2.9392e-08
25.96 0.0 2.9165e-08
25.98 0.0 2.8941e-08
26.0 0.0 2.8717e-08
26.02 0.0 2.8496e-08
26.04 0.0 2.8276e-08
26.06 0.0 2.8057e-08
26.08 0.0 2.7841e-08
26.1 0.0 2.7625e-08
26.12 0.0 2.7411e-08
26.14 0.0 2.7199e-08
26.16 0.0 2.6988e-08
26.18 0.0 2.6779e-08
26.2 0.0 2.6572e-08
26.22 0.0 2.6365e-08
26.24 0.0 2.616e-08
26.26 0.0 2.5957e-08
26.28 0.0 2.5755e-08
26.3 0.0 2.5555e-08
26.32 0.0 2.5356e-08
26.34 0.0 2.5158e-08
26.36 0.0 2.4962e-08
26.38 0.0 2.4768e-08
26.4 0.0 2.4574e-08
26.42 0.0 2.4382e-08
26.44 0.0 2.4192e-08
26.46 0.0 2.4003e-08
26.48 0.0 2.3815e-08
26.5 0.0 2.3628e-08
26.52 0.0 2.3443e-08
26.54 0.0 2.326e-08
26.56 0.0 2.3077e-08
26.58 0.0 2.2896e-08
26.6 0.0 2.2716e-08
26.62 0.0 2.2538e-08
26.64 0.0 2.2361e-08
26.66 0.0 2.2185e-08
26.68 0.0 2.201e-08
26.7 0.0 2.1837e-08
26.72 0.0 2.1665e-08
26.74 0.0 2.1494e-08
26.76 0.0 2.1324e-08
26.78 0.0 2.1156e-08
26.8 0.0 2.0989e-08
26.82 0.0 2.0823e-08
26.84 0.0 2.0658e-08
26.86 0.0 2.0495e-08
26.88 0.0 2.0333e-08
26.9 0.0 2.0171e-08
26.92 0.0 2.0012e-08
26.94 0.0 1.9853e-08
26.96 0.0 1.9695e-08
26.98 0.0 1.9539e-08
27.0 0.0 1.9384e-08
27.02 0.0 1.9229e-08
27.04 0.0 1.9076e-08
27.06 0.0 1.8925e-08
27.08 0.0 1.8774e-08
27.1 0.0 1.8624e-08
27.12 0.0 1.8476e-08
27.14 0.0 1.8328e-08
27.16 0.0 1.8182e-08
27.18 0.0 1.8037e-08
27.2 0.0 1.7892e-08
27.22 0.0 1.7749e-08
27.24 0.0 1.7607e-08
27.26 0.0 1.7466e-08
27.28 0.0 1.7326e-08
27.3 0.0 1.7187e-08
27.32 0.0 1.705e-08
27.34 0.0 1.6913e-08
27.36 0.0 1.6777e-08
27.38 0.0 1.6642e-08
27.4 0.0 1.6508e-08
27.42 0.0 1.6375e-08
27.44 0.0 1.6244e-08
27.46 0.0 1.6113e-08
27.48 0.0 1.5983e-08
27.5 0.0 1.5854e-08
27.52 0.0 1.5726e-08
27.54 0.0 1.5599e-08
27.56 0.0 1.5473e-08
27.58 0.0 1.5348e-08
27.6 0.0 1.5224e-08
27.62 0.0 1.5101e-08
27.64 0.0 1.4978e-08
27.66 0.0 1.4857e-08
27.68 0.0 1.4736e-08
27.7 0.0 1.4617e-08
27.72 0.0 1.4498e-08
27.74 0.0 1.4381e-08
27.76 0.0 1.4264e-08
27.78 0.0 1.4148e-08
27.8 0.0 1.4033e-08
27.82 0.0 1.3918e-08
27.84 0.0 1.3805e-08
27.86 0.0 1.3693e-08
27.88 0.0 1.3581e-08
27.9 0.0 1.347e-08
27.92 0.0 1.336e-08
27.94 0.0 1.3251e-08
27.96 0.0 1.3143e-08
27.98 0.0 1.3035e-08
28.0 0.0 1.2929e-08
28.02 0.0 1.2823e-08
28.04 0.0 1.2718e-08
28.06 0.0 1.2613e-08
28.08 0.0 1.251e-08
28.1 0.0 1.2407e-08
28.12 0.0 1.2305e-08
28.14 0.0 1.2204e-08
28.16 0.0 1.2104e-08
28.18 0.0 1.2004e-08
28.2 0.0 1.1906e-08
28.22 0.0 1.1808e-08
28.24 0.0 1.171e-08
28.26 0.0 1.1614e-08
28.28 0.0 1.1518e-08
28.3 0.0 1.1423e-08
28.32 0.0 1.1329e-08
28.34 0.0 1.1235e-08
28.36 0.0 1.1142e-08
28.38 0.0 1.105e-08
28.4 0.0 1.0958e-08
28.42 0.0 1.0868e-08
28.44 0.0 1.0778e-08
28.46 0.0 1.0688e-08
28.48 0.0 1.06e-08
28.5 0.0 1.0512e-08
28.52 0.0 1.0424e-08
28.54 0.0 1.0338e-08
28.56 0.0 1.0252e-08
28.58 0.0 1.0166e-08
28.6 0.0 1.0082e-08
28.62 0.0 9.9978e-09
28.64 0.0 9.9145e-09
28.66 0.0 9.8318e-09
28.68 0.0 9.7498e-09
28.7 0.0 9.6684e-09
28.72 0.0 9.5876e-09
28.74 0.0 9.5075e-09
28.76 0.0 9.428e-09
28.78 0.0 9.3491e-09
28.8 0.0 9.2709e-09
28.82 0.0 9.1932e-09
28.84 0.0 9.1161e-09
28.86 0.0 9.0397e-09
28.88 0.0 8.9639e-09
28.9 0.0 8.8886e-09
28.92 0.0 8.8139e-09
28.94 0.0 8.7399e-09
28.96 0.0 8.6664e-09
28.98 0.0 8.5934e-09
29.0 0.0 8.5211e-09
29.02 0.0 8.4493e-09
29.04 0.0 8.3781e-09
29.06 0.0 8.3075e-09
29.08 0.0 8.2374e-09
29.1 0.0 8.1678e-09
29.12 0.0 8.0988e-09
29.14 0.0 8.0304e-09
29.16 0.0 7.9625e-09
29.18 0.0 7.8951e-09
29.2 0.0 7.8282e-09
29.22 0.0 7.7619e-09
29.24 0.0 7.6962e-09
29.26 0.0 7.6309e-09
29.28 0.0 7.5661e-09
29.3 0.0 7.5019e-09
29.32 0.0 7.4382e-09
29.34 0.0 7.375e-09
29.36 0.0 7.3123e-09
29.38 0.0 7.25e-09
29.4 0.0 7.1883e-09
29.42 0.0 7.1271e-09
29.44 0.0 7.0663e-09
29.46 0.0 7.0061e-09
29.48 0.0 6.9463e-09
29.5 0.0 6.887e-09
29.52 0.0 6.8282e-09
29.54 0.0 6.7698e-09
29.56 0.0 6.7119e-09
29.58 0.0 6.6545e-09
29.6 0.0 6.5975e-09
29.62 0.0 6.541e-09
29.64 0.0 6.485e-09
29.66 0.0 6.4294e-09
29.68 0.0 6.3742e-09
29.7 0.0 6.3195e-09
29.72 0.0 6.2652e-09
29.74 0.0 6.2114e-09
29.76 0.0 6.158e-09
29.78 0.0 6.105e-09
29.8 0.0 6.0524e-09
29.82 0.0 6.0003e-09
29.84 0.0 5.9486e-09
29.86 0.0 5.8973e-09
29.88 0.0 5.8465e-09
29.9 0.0 5.796e-09
29.92 0.0 5.7459e-09
29.94 0.0 5.6963e-09
29.96 0.0 5.647e-09
29.98 0.0 5.5982e-09
30.0 0.0 5.5497e-09
30.02 0.0 5.5017e-09
30.04 0.0 5.454e-09
30.06 0.0 5.4067e-09
30.08 0.0 5.3598e-09
30.1 0.0 5.3133e-09
30.12 0.0 5.2672e-09
30.14 0.0 5.2214e-09
30.16 0.0 5.176e-09
30.18 0.0 5.131e-09
30.2 0.0 5.0864e-09
30.22 0.0 5.0421e-09
30.24 0.0 4.9982e-09
30.26 0.0 4.9546e-09
30.28 0.0 4.9114e-09
30.3 0.0 4.8685e-09
30.32 0.0 4.826e-09
30.34 0.0 4.7839e-09
