tests/resources/generated/spe_LST_2022-04-27_AP2.0e-4.ecsv
# %ECSV 1.0
# ---
# datatype:
# - {name: amplitude, datatype: float64}
# - {name: frequency (prompt), datatype: float64}
# - {name: frequency (prompt+afterpulsing), datatype: float64}
# meta: !!omap
# - comments: [Norm_spe processing of single-p.e. response., Table with 349 rows has been read from file /tmp/tmpf5gqkl2_, Scaling x axis
#       by factor 0.9942, Scaling y axis by factor 1.00811, Folding in afterpulse spectrum from file '/tmp/tmp9ey54gl_' enforcing uniform,
#     sampling of 3878 steps of size 0.010291 from 0.005145 to 39.901794., 'Afterpulse ratio (prompt x AP folded) above 3.600000 mean
#       p.e.: 0.000102', 'Mean(prompt) = 1.000, peak at 1.173 (sum=1.000)', 'Fraction of events below 10% of mean: 0.039', 'Fraction of
#       events below 20% of mean: 0.079', 'Fraction of events below 30% of mean: 0.116', 'Sqrt(Excess noise factor): 1.104, ENF = 1.219',
#     'Note: collection efficiency losses should be included in low amplitude signals.', Rebinning to 2101 uniform steps of size 0.020000
#       from 0.000000 to 42.000000.]
# - cta:
#     activity:
#       end: '2026-04-13T18:36:20+00:00'
#       id: 019d8821-5718-7771-a55b-744d8592d950
#       name: simtools-derive-photon-electron-spectrum
#       software: {name: simtools, version: 0.29.1.dev146+ge052d4262.d20260413}
#       start: '2026-04-13T18:36:20+00:00'
#       type: software
#     contact: {name: G.Maier, orcid: 0000-0001-9868-4700, organization: CTAO}
#     instrument: {class: telescopes, id: LSTN-design, site: North, type: LSTN}
#     process: {type: simulation}
#     product:
#       creation_time: '2026-04-13T18:36:20+00:00'
#       data:
#         category: SIM
#         level: R1
#         model: {name: single_pe_spectrum, url: 'https://raw.githubusercontent.com/gammasim/simtools/main/src/simtools/schemas//model_parameters/pm_photoelectron_spectrum.schema.yml',
#           version: 0.0.0}
#         type: Service
#       filename: spe_LSTN_design_2026-02-27.ecsv
#       format: ecsv
#       id: 019d8821-58e9-7c89-b46b-ca1dd9667631
#     reference: {version: 2.0.0}
# schema: astropy-2.0
amplitude "frequency (prompt)" "frequency (prompt+afterpulsing)"
[from data line 1543]
30.86 0.0 2.5982e-09
30.88 0.0 2.5785e-09
30.9 0.0 2.5589e-09
30.92 0.0 2.5395e-09
30.94 0.0 2.5203e-09
30.96 0.0 2.5013e-09
30.98 0.0 2.4824e-09
31.0 0.0 2.4636e-09
31.02 0.0 2.445e-09
31.04 0.0 2.4266e-09
31.06 0.0 2.4083e-09
31.08 0.0 2.3902e-09
31.1 0.0 2.3722e-09
31.12 0.0 2.3543e-09
31.14 0.0 2.3366e-09
31.16 0.0 2.319e-09
31.18 0.0 2.3016e-09
31.2 0.0 2.2844e-09
31.22 0.0 2.2672e-09
31.24 0.0 2.2502e-09
31.26 0.0 2.2334e-09
31.28 0.0 2.2167e-09
31.3 0.0 2.2001e-09
31.32 0.0 2.1836e-09
31.34 0.0 2.1673e-09
31.36 0.0 2.1511e-09
31.38 0.0 2.1351e-09
31.4 0.0 2.1192e-09
31.42 0.0 2.1034e-09
31.44 0.0 2.0877e-09
31.46 0.0 2.0722e-09
31.48 0.0 2.0568e-09
31.5 0.0 2.0415e-09
31.52 0.0 2.0263e-09
31.54 0.0 2.0113e-09
31.56 0.0 1.9963e-09
31.58 0.0 1.9815e-09
31.6 0.0 1.9669e-09
31.62 0.0 1.9523e-09
31.64 0.0 1.9379e-09
31.66 0.0 1.9235e-09
31.68 0.0 1.9093e-09
31.7 0.0 1.8952e-09
31.72 0.0 1.8812e-09
31.74 0.0 1.8673e-09
31.76 0.0 1.8536e-09
31.78 0.0 1.8399e-09
31.8 0.0 1.8264e-09
31.82 0.0 1.8129e-09
31.84 0.0 1.7996e-09
31.86 0.0 1.7864e-09
31.88 0.0 1.7733e-09
31.9 0.0 1.7602e-09
31.92 0.0 1.7473e-09
31.94 0.0 1.7345e-09
31.96 0.0 1.7218e-09
31.98 0.0 1.7092e-09
32.0 0.0 1.6967e-09
32.02 0.0 1.6843e-09
32.04 0.0 1.672e-09
32.06 0.0 1.6598e-09
32.08 0.0 1.6477e-09
32.1 0.0 1.6356e-09
32.12 0.0 1.6237e-09
32.14 0.0 1.6119e-09
32.16 0.0 1.6002e-09
32.18 0.0 1.5885e-09
32.2 0.0 1.577e-09
32.22 0.0 1.5655e-09
32.24 0.0 1.5541e-09
32.26 0.0 1.5429e-09
32.28 0.0 1.5317e-09
32.3 0.0 1.5206e-09
32.32 0.0 1.5095e-09
32.34 0.0 1.4986e-09
32.36 0.0 1.4878e-09
32.38 0.0 1.477e-09
32.4 0.0 1.4663e-09
32.42 0.0 1.4558e-09
32.44 0.0 1.4453e-09
32.46 0.0 1.4348e-09
32.48 0.0 1.4245e-09
32.5 0.0 1.4142e-09
32.52 0.0 1.404e-09
32.54 0.0 1.3939e-09
32.56 0.0 1.3839e-09
32.58 0.0 1.374e-09
32.6 0.0 1.3641e-09
32.62 0.0 1.3543e-09
32.64 0.0 1.3446e-09
32.66 0.0 1.335e-09
32.68 0.0 1.3254e-09
32.7 0.0 1.3159e-09
32.72 0.0 1.3065e-09
32.74 0.0 1.2972e-09
32.76 0.0 1.2879e-09
32.78 0.0 1.2787e-09
32.8 0.0 1.2696e-09
32.82 0.0 1.2605e-09
32.84 0.0 1.2515e-09
32.86 0.0 1.2426e-09
32.88 0.0 1.2338e-09
32.9 0.0 1.225e-09
32.92 0.0 1.2163e-09
32.94 0.0 1.2076e-09
32.96 0.0 1.199e-09
32.98 0.0 1.1905e-09
33.0 0.0 1.1821e-09
33.02 0.0 1.1737e-09
33.04 0.0 1.1654e-09
33.06 0.0 1.1571e-09
33.08 0.0 1.149e-09
33.1 0.0 1.1408e-09
33.12 0.0 1.1328e-09
33.14 0.0 1.1248e-09
33.16 0.0 1.1168e-09
33.18 0.0 1.1089e-09
33.2 0.0 1.1011e-09
33.22 0.0 1.0934e-09
33.24 0.0 1.0857e-09
33.26 0.0 1.078e-09
33.28 0.0 1.0705e-09
33.3 0.0 1.0629e-09
33.32 0.0 1.0555e-09
33.34 0.0 1.048e-09
33.36 0.0 1.0407e-09
33.38 0.0 1.0334e-09
33.4 0.0 1.0262e-09
33.42 0.0 1.019e-09
33.44 0.0 1.0118e-09
33.46 0.0 1.0048e-09
33.48 0.0 9.9774e-10
33.5 0.0 9.9076e-10
33.52 0.0 9.8384e-10
33.54 0.0 9.7698e-10
33.56 0.0 9.7017e-10
33.58 0.0 9.6341e-10
33.6 0.0 9.567e-10
33.62 0.0 9.5004e-10
33.64 0.0 9.4343e-10
33.66 0.0 9.3687e-10
33.68 0.0 9.3036e-10
33.7 0.0 9.2389e-10
33.72 0.0 9.1748e-10
33.74 0.0 9.1112e-10
33.76 0.0 9.048e-10
33.78 0.0 8.9853e-10
33.8 0.0 8.9231e-10
33.82 0.0 8.8614e-10
33.84 0.0 8.8001e-10
33.86 0.0 8.7393e-10
33.88 0.0 8.6789e-10
33.9 0.0 8.619e-10
33.92 0.0 8.5595e-10
33.94 0.0 8.5005e-10
33.96 0.0 8.4419e-10
33.98 0.0 8.3838e-10
34.0 0.0 8.3261e-10
34.02 0.0 8.2688e-10
34.04 0.0 8.212e-10
34.06 0.0 8.1556e-10
34.08 0.0 8.0996e-10
34.1 0.0 8.044e-10
34.12 0.0 7.9888e-10
34.14 0.0 7.934e-10
34.16 0.0 7.8797e-10
34.18 0.0 7.8258e-10
34.2 0.0 7.7722e-10
34.22 0.0 7.7191e-10
34.24 0.0 7.6663e-10
34.26 0.0 7.614e-10
34.28 0.0 7.562e-10
34.3 0.0 7.5104e-10
34.32 0.0 7.4592e-10
34.34 0.0 7.4084e-10
34.36 0.0 7.3579e-10
34.38 0.0 7.3079e-10
34.4 0.0 7.2582e-10
34.42 0.0 7.2088e-10
34.44 0.0 7.1599e-10
34.46 0.0 7.1113e-10
34.48 0.0 7.063e-10
34.5 0.0 7.0151e-10
34.52 0.0 6.9675e-10
34.54 0.0 6.9203e-10
34.56 0.0 6.8735e-10
34.58 0.0 6.827e-10
34.6 0.0 6.7808e-10
34.62 0.0 6.735e-10
34.64 0.0 6.6895e-10
34.66 0.0 6.6444e-10
34.68 0.0 6.5996e-10
34.7 0.0 6.5551e-10
34.72 0.0 6.5109e-10
34.74 0.0 6.467e-10
34.76 0.0 6.4235e-10
34.78 0.0 6.3803e-10
34.8 0.0 6.3374e-10
34.82 0.0 6.2949e-10
34.84 0.0 6.2526e-10
34.86 0.0 6.2106e-10
34.88 0.0 6.169e-10
34.9 0.0 6.1276e-10
34.92 0.0 6.0866e-10
34.94 0.0 6.0458e-10
34.96 0.0 6.0054e-10
34.98 0.0 5.9652e-10
35.0 0.0 5.9254e-10
35.02 0.0 5.8858e-10
35.04 0.0 5.8465e-10
35.06 0.0 5.8075e-10
35.08 0.0 5.7688e-10
35.1 0.0 5.7303e-10
35.12 0.0 5.6921e-10
35.14 0.0 5.6542e-10
35.16 0.0 5.6166e-10
35.18 0.0 5.5793e-10
35.2 0.0 5.5422e-10
35.22 0.0 5.5054e-10
35.24 0.0 5.4689e-10
35.26 0.0 5.4326e-10
35.28 0.0 5.3966e-10
35.3 0.0 5.3608e-10
35.32 0.0 5.3253e-10
35.34 0.0 5.2901e-10
35.36 0.0 5.2551e-10
35.38 0.0 5.2204e-10
35.4 0.0 5.1859e-10
35.42 0.0 5.1517e-10
35.44 0.0 5.1177e-10
35.46 0.0 5.0839e-10
35.48 0.0 5.0504e-10
35.5 0.0 5.0171e-10
35.52 0.0 4.9841e-10
35.54 0.0 4.9513e-10
35.56 0.0 4.9187e-10
35.58 0.0 4.8864e-10
35.6 0.0 4.8543e-10
35.62 0.0 4.8224e-10
35.64 0.0 4.7908e-10
35.66 0.0 4.7594e-10
35.68 0.0 4.7282e-10
35.7 0.0 4.6972e-10
35.72 0.0 4.6665e-10
35.74 0.0 4.6359e-10
35.76 0.0 4.6056e-10
35.78 0.0 4.5755e-10
35.8 0.0 4.5457e-10
35.82 0.0 4.516e-10
35.84 0.0 4.4865e-10
35.86 0.0 4.4573e-10
35.88 0.0 4.4282e-10
35.9 0.0 4.3994e-10
35.92 0.0 4.3707e-10
35.94 0.0 4.3423e-10
35.96 0.0 4.3141e-10
35.98 0.0 4.286e-10
36.0 0.0 4.2582e-10
36.02 0.0 4.2306e-10
36.04 0.0 4.2031e-10
36.06 0.0 4.1759e-10
36.08 0.0 4.1488e-10
36.1 0.0 4.1219e-10
36.12 0.0 4.0953e-10
36.14 0.0 4.0688e-10
36.16 0.0 4.0425e-10
36.18 0.0 4.0163e-10
36.2 0.0 3.9904e-10
36.22 0.0 3.9647e-10
36.24 0.0 3.9391e-10
36.26 0.0 3.9137e-10
36.28 0.0 3.8885e-10
36.3 0.0 3.8634e-10
36.32 0.0 3.8386e-10
36.34 0.0 3.8139e-10
36.36 0.0 3.7893e-10
36.38 0.0 3.765e-10
36.4 0.0 3.7408e-10
36.42 0.0 3.7168e-10
36.44 0.0 3.693e-10
36.46 0.0 3.6693e-10
36.48 0.0 3.6458e-10
36.5 0.0 3.6224e-10
36.52 0.0 3.5992e-10
36.54 0.0 3.5762e-10
36.56 0.0 3.5534e-10
36.58 0.0 3.5307e-10
36.6 0.0 3.5081e-10
36.62 0.0 3.4857e-10
36.64 0.0 3.4635e-10
36.66 0.0 3.4414e-10
36.68 0.0 3.4195e-10
36.7 0.0 3.3977e-10
36.72 0.0 3.3761e-10
36.74 0.0 3.3546e-10
36.76 0.0 3.3333e-10
36.78 0.0 3.3121e-10
36.8 0.0 3.2911e-10
36.82 0.0 3.2702e-10
36.84 0.0 3.2494e-10
36.86 0.0 3.2288e-10
36.88 0.0 3.2084e-10
36.9 0.0 3.188e-10
36.92 0.0 3.1679e-10
36.94 0.0 3.1478e-10
36.96 0.0 3.1279e-10
36.98 0.0 3.1082e-10
37.0 0.0 3.0885e-10
37.02 0.0 3.069e-10
37.04 0.0 3.0497e-10
37.06 0.0 3.0305e-10
37.08 0.0 3.0114e-10
37.1 0.0 2.9924e-10
37.12 0.0 2.9735e-10
37.14 0.0 2.9548e-10
37.16 0.0 2.9363e-10
37.18 0.0 2.9178e-10
37.2 0.0 2.8995e-10
37.22 0.0 2.8813e-10
37.24 0.0 2.8632e-10
37.26 0.0 2.8453e-10
37.28 0.0 2.8274e-10
37.3 0.0 2.8097e-10
37.32 0.0 2.7921e-10
37.34 0.0 2.7746e-10
37.36 0.0 2.7573e-10
37.38 0.0 2.7401e-10
37.4 0.0 2.7229e-10
37.42 0.0 2.7059e-10
37.44 0.0 2.6891e-10
37.46 0.0 2.6723e-10
37.48 0.0 2.6556e-10
37.5 0.0 2.6391e-10
37.52 0.0 2.6226e-10
37.54 0.0 2.6063e-10
37.56 0.0 2.5901e-10
37.58 0.0 2.574e-10
37.6 0.0 2.558e-10
37.62 0.0 2.5421e-10
37.64 0.0 2.5264e-10
37.66 0.0 2.5107e-10
37.68 0.0 2.4951e-10
37.7 0.0 2.4797e-10
37.72 0.0 2.4643e-10
37.74 0.0 2.4491e-10
37.76 0.0 2.4339e-10
37.78 0.0 2.4189e-10
37.8 0.0 2.4039e-10
37.82 0.0 2.3891e-10
37.84 0.0 2.3743e-10
37.86 0.0 2.3597e-10
37.88 0.0 2.3451e-10
37.9 0.0 2.3307e-10
37.92 0.0 2.3163e-10
37.94 0.0 2.3021e-10
37.96 0.0 2.2879e-10
37.98 0.0 2.2738e-10
38.0 0.0 2.2598e-10
38.02 0.0 2.246e-10
38.04 0.0 2.2322e-10
38.06 0.0 2.2185e-10
38.08 0.0 2.2049e-10
38.1 0.0 2.1914e-10
38.12 0.0 2.1779e-10
38.14 0.0 2.1646e-10
38.16 0.0 2.1513e-10
38.18 0.0 2.1382e-10
38.2 0.0 2.1251e-10
38.22 0.0 2.1121e-10
38.24 0.0 2.0992e-10
38.26 0.0 2.0864e-10
38.28 0.0 2.0737e-10
38.3 0.0 2.0611e-10
38.32 0.0 2.0485e-10
38.34 0.0 2.036e-10
38.36 0.0 2.0236e-10
38.38 0.0 2.0113e-10
38.4 0.0 1.9991e-10
38.42 0.0 1.9869e-10
38.44 0.0 1.9749e-10
38.46 0.0 1.9629e-10
38.48 0.0 1.951e-10
38.5 0.0 1.9391e-10
38.52 0.0 1.9274e-10
38.54 0.0 1.9157e-10
38.56 0.0 1.9041e-10
38.58 0.0 1.8926e-10
38.6 0.0 1.8811e-10
38.62 0.0 1.8698e-10
38.64 0.0 1.8585e-10
38.66 0.0 1.8472e-10
38.68 0.0 1.8361e-10
38.7 0.0 1.825e-10
38.72 0.0 1.814e-10
38.74 0.0 1.8031e-10
38.76 0.0 1.7922e-10
38.78 0.0 1.7814e-10
38.8 0.0 1.7707e-10
38.82 0.0 1.7601e-10
38.84 0.0 1.7495e-10
38.86 0.0 1.739e-10
38.88 0.0 1.7285e-10
38.9 0.0 1.7182e-10
38.92 0.0 1.7078e-10
38.94 0.0 1.6976e-10
38.96 0.0 1.6874e-10
38.98 0.0 1.6773e-10
39.0 0.0 1.6673e-10
39.02 0.0 1.6573e-10
39.04 0.0 1.6474e-10
39.06 0.0 1.6376e-10
39.08 0.0 1.6278e-10
39.1 0.0 1.6181e-10
39.12 0.0 1.6084e-10
39.14 0.0 1.5988e-10
39.16 0.0 1.5893e-10
39.18 0.0 1.5798e-10
39.2 0.0 1.5704e-10
39.22 0.0 1.5611e-10
39.24 0.0 1.5518e-10
39.26 0.0 1.5426e-10
39.28 0.0 1.5334e-10
39.3 0.0 1.5243e-10
39.32 0.0 1.5152e-10
39.34 0.0 1.5062e-10
39.36 0.0 1.4973e-10
39.38 0.0 1.4884e-10
39.4 0.0 1.4796e-10
39.42 0.0 1.4709e-10
39.44 0.0 1.4622e-10
39.46 0.0 1.4535e-10
39.48 0.0 1.4449e-10
39.5 0.0 1.4364e-10
39.52 0.0 1.4279e-10
39.54 0.0 1.4195e-10
39.56 0.0 1.4111e-10
39.58 0.0 1.4028e-10
39.6 0.0 1.3945e-10
39.62 0.0 1.3863e-10
39.64 0.0 1.3781e-10
39.66 0.0 1.37e-10
39.68 0.0 1.362e-10
39.7 0.0 1.354e-10
39.72 0.0 1.346e-10
39.74 0.0 1.3381e-10
39.76 0.0 1.3303e-10
39.78 0.0 1.3225e-10
39.8 0.0 1.3147e-10
39.82 0.0 1.307e-10
39.84 0.0 1.2994e-10
39.86 0.0 1.2917e-10
39.88 0.0 1.2842e-10
39.9 0.0 1.2732e-10
39.92 0.0 1.2717e-10
39.94 0.0 1.2717e-10
39.96 0.0 1.2717e-10
39.98 0.0 1.2717e-10
40.0 0.0 1.2717e-10
40.02 0.0 1.2717e-10
40.04 0.0 1.2717e-10
40.06 0.0 1.2717e-10
40.08 0.0 1.2717e-10
40.1 0.0 1.2717e-10
40.12 0.0 1.2717e-10
40.14 0.0 1.2717e-10
40.16 0.0 1.2717e-10
40.18 0.0 1.2717e-10
40.2 0.0 1.2717e-10
40.22 0.0 1.2717e-10
40.24 0.0 1.2717e-10
40.26 0.0 1.2717e-10
40.28 0.0 1.2717e-10
40.3 0.0 1.2717e-10
40.32 0.0 1.2717e-10
40.34 0.0 1.2717e-10
40.36 0.0 1.2717e-10
40.38 0.0 1.2717e-10
40.4 0.0 1.2717e-10
40.42 0.0 1.2717e-10
40.44 0.0 1.2717e-10
40.46 0.0 1.2717e-10
40.48 0.0 1.2717e-10
40.5 0.0 1.2717e-10
40.52 0.0 1.2717e-10
40.54 0.0 1.2717e-10
40.56 0.0 1.2717e-10
40.58 0.0 1.2717e-10
40.6 0.0 1.2717e-10
40.62 0.0 1.2717e-10
40.64 0.0 1.2717e-10
40.66 0.0 1.2717e-10
40.68 0.0 1.2717e-10
40.7 0.0 1.2717e-10
40.72 0.0 1.2717e-10
40.74 0.0 1.2717e-10
40.76 0.0 1.2717e-10
40.78 0.0 1.2717e-10
40.8 0.0 1.2717e-10
40.82 0.0 1.2717e-10
40.84 0.0 1.2717e-10
40.86 0.0 1.2717e-10
40.88 0.0 1.2717e-10
40.9 0.0 1.2717e-10
40.92 0.0 1.2717e-10
40.94 0.0 1.2717e-10
40.96 0.0 1.2717e-10
40.98 0.0 1.2717e-10
41.0 0.0 1.2717e-10
41.02 0.0 1.2717e-10
41.04 0.0 1.2717e-10
41.06 0.0 1.2717e-10
41.08 0.0 1.2717e-10
41.1 0.0 1.2717e-10
41.12 0.0 1.2717e-10
41.14 0.0 1.2717e-10
41.16 0.0 1.2717e-10
41.18 0.0 1.2717e-10
41.2 0.0 1.2717e-10
41.22 0.0 1.2717e-10
41.24 0.0 1.2717e-10
41.26 0.0 1.2717e-10
41.28 0.0 1.2717e-10
41.3 0.0 1.2717e-10
41.32 0.0 1.2717e-10
41.34 0.0 1.2717e-10
41.36 0.0 1.2717e-10
41.38 0.0 1.2717e-10
41.4 0.0 1.2717e-10
41.42 0.0 1.2717e-10
41.44 0.0 1.2717e-10
41.46 0.0 1.2717e-10
41.48 0.0 1.2717e-10
41.5 0.0 1.2717e-10
41.52 0.0 1.2717e-10
41.54 0.0 1.2717e-10
41.56 0.0 1.2717e-10
41.58 0.0 1.2717e-10
41.6 0.0 1.2717e-10
41.62 0.0 1.2717e-10
41.64 0.0 1.2717e-10
41.66 0.0 1.2717e-10
41.68 0.0 1.2717e-10
41.7 0.0 1.2717e-10
41.72 0.0 1.2717e-10
41.74 0.0 1.2717e-10
41.76 0.0 1.2717e-10
41.78 0.0 1.2717e-10
41.8 0.0 1.2717e-10
41.82 0.0 1.2717e-10
41.84 0.0 1.2717e-10
41.86 0.0 1.2717e-10
41.88 0.0 1.2717e-10
41.9 0.0 1.2717e-10
41.92 0.0 1.2717e-10
41.94 0.0 1.2717e-10
41.96 0.0 1.2717e-10
41.98 0.0 1.2717e-10
42.0 0.0 1.2717e-10
