tests/resources/generated/spe_LST_2022-04-27_AP2.0e-4.ecsv
# %ECSV 1.0
# ---
# datatype:
# - {name: amplitude, datatype: float64}
# - {name: frequency (prompt), datatype: float64}
# - {name: frequency (prompt+afterpulsing), datatype: float64}
# meta: !!omap
# - comments: [Norm_spe processing of single-p.e. response., Table with 349 rows has been read from file /tmp/tmpf5gqkl2_, Scaling x axis
#       by factor 0.9942, Scaling y axis by factor 1.00811, Folding in afterpulse spectrum from file '/tmp/tmp9ey54gl_' enforcing uniform,
#     sampling of 3878 steps of size 0.010291 from 0.005145 to 39.901794., 'Afterpulse ratio (prompt x AP folded) above 3.600000 mean
#       p.e.: 0.000102', 'Mean(prompt) = 1.000, peak at 1.173 (sum=1.000)', 'Fraction of events below 10% of mean: 0.039', 'Fraction of
#       events below 20% of mean: 0.079', 'Fraction of events below 30% of mean: 0.116', 'Sqrt(Excess noise factor): 1.104, ENF = 1.219',
#     'Note: collection efficiency losses should be included in low amplitude signals.', Rebinning to 2101 uniform steps of size 0.020000
#       from 0.000000 to 42.000000.]
# - cta:
#     activity:
#       end: '2026-04-13T18:36:20+00:00'
#       id: 019d8821-5718-7771-a55b-744d8592d950
#       name: simtools-derive-photon-electron-spectrum
#       software: {name: simtools, version: 0.29.1.dev146+ge052d4262.d20260413}
#       start: '2026-04-13T18:36:20+00:00'
#       type: software
#     contact: {name: G.Maier, orcid: 0000-0001-9868-4700, organization: CTAO}
#     instrument: {class: telescopes, id: LSTN-design, site: North, type: LSTN}
#     process: {type: simulation}
#     product:
#       creation_time: '2026-04-13T18:36:20+00:00'
#       data:
#         category: SIM
#         level: R1
#         model: {name: single_pe_spectrum, url: 'https://raw.githubusercontent.com/gammasim/simtools/main/src/simtools/schemas//model_parameters/pm_photoelectron_spectrum.schema.yml',
#           version: 0.0.0}
#         type: Service
#       filename: spe_LSTN_design_2026-02-27.ecsv
#       format: ecsv
#       id: 019d8821-58e9-7c89-b46b-ca1dd9667631
#     reference: {version: 2.0.0}
# schema: astropy-2.0
amplitude "frequency (prompt)" "frequency (prompt+afterpulsing)"
0.0 0.43906 0.43906
0.02 0.43433 0.43433
0.04 0.42779 0.42779
0.06 0.42107 0.42107
0.08 0.4142 0.4142
0.1 0.4072 0.4072
0.12 0.40011 0.40011
0.14 0.39296 0.39297
0.16 0.3858 0.3858
0.18 0.37865 0.37866
0.2 0.37158 0.37158
0.22 0.36462 0.36462
0.24 0.35783 0.35784
0.26 0.35127 0.35128
0.28 0.34501 0.34502
0.3 0.3391 0.33911
0.32 0.33361 0.33362
0.34 0.32863 0.32864
0.36 0.32423 0.32424
0.38 0.32049 0.3205
0.4 0.31751 0.31752
0.42 0.31537 0.31538
0.44 0.31417 0.31418
0.46 0.314 0.31401
0.48 0.31496 0.31497
0.5 0.31716 0.31717
0.52 0.32068 0.3207
0.54 0.32564 0.32566
0.56 0.33214 0.33215
0.58 0.34023 0.34024
0.6 0.35001 0.35002
0.62 0.36154 0.36155
0.64 0.37487 0.37488
0.66 0.39004 0.39006
0.68 0.40708 0.40709
0.7 0.42598 0.42599
0.72 0.44672 0.44673
0.74 0.46924 0.46926
0.76 0.49348 0.49349
0.78 0.51932 0.51934
0.8 0.54663 0.54665
0.82 0.57523 0.57525
0.84 0.60493 0.60495
0.86 0.63549 0.63551
0.88 0.66665 0.66667
0.9 0.69811 0.69813
0.92 0.72955 0.72957
0.94 0.76063 0.76065
0.96 0.79099 0.79101
0.98 0.82028 0.8203
1.0 0.84813 0.84815
1.02 0.87416 0.87418
1.04 0.89803 0.89805
1.06 0.9194 0.91942
1.08 0.93795 0.93798
1.1 0.95341 0.95343
1.12 0.96552 0.96554
1.14 0.97408 0.97411
1.16 0.97895 0.97898
1.18 0.98001 0.98004
1.2 0.97722 0.97725
1.22 0.97057 0.97061
1.24 0.96014 0.96017
1.26 0.94596 0.946
1.28 0.92828 0.92831
1.3 0.90728 0.90732
1.32 0.88323 0.88327
1.34 0.8564 0.85644
1.36 0.82711 0.82715
1.38 0.79569 0.79572
1.4 0.76248 0.76252
1.42 0.72783 0.72788
1.44 0.69212 0.69216
1.46 0.65567 0.65571
1.48 0.61882 0.61887
1.5 0.58191 0.58195
1.52 0.54521 0.54526
1.54 0.50901 0.50906
1.56 0.47356 0.4736
1.58 0.43906 0.4391
1.6 0.4057 0.40575
1.62 0.37366 0.37371
1.64 0.34305 0.34309
1.66 0.31396 0.314
1.68 0.28645 0.28649
1.7 0.26057 0.26061
1.72 0.23634 0.23638
1.74 0.21375 0.21379
1.76 0.19279 0.19283
1.78 0.17341 0.17345
1.8 0.15558 0.15562
1.82 0.13923 0.13927
1.84 0.12429 0.12433
1.86 0.1107 0.11074
1.88 0.098364 0.098401
1.9 0.087211 0.087248
1.92 0.077159 0.077195
1.94 0.068125 0.068161
1.96 0.060039 0.060074
1.98 0.052817 0.052852
2.0 0.046381 0.046415
2.02 0.040658 0.040692
2.04 0.035583 0.035616
2.06 0.031092 0.031125
2.08 0.027127 0.027159
2.1 0.023633 0.023665
2.12 0.020562 0.020593
2.14 0.017866 0.017897
2.16 0.015504 0.015535
2.18 0.013439 0.013469
2.2 0.011636 0.011666
2.22 0.010064 0.010093
2.24 0.0086964 0.0087251
2.26 0.0075075 0.0075357
2.28 0.0064754 0.0065033
2.3 0.0055806 0.0056082
2.32 0.0048073 0.0048345
2.34 0.0041383 0.0041652
2.36 0.0035601 0.0035867
2.38 0.0030609 0.0030872
2.4 0.0026302 0.0026562
2.42 0.0022589 0.0022846
2.44 0.0019392 0.0019646
2.46 0.001664 0.0016891
2.48 0.0014273 0.0014522
2.5 0.0012239 0.0012485
2.52 0.0010491 0.0010735
2.54 0.00089911 0.00092324
2.56 0.00077036 0.00079425
2.58 0.00065992 0.00068359
2.6 0.00056523 0.00058868
2.62 0.00048407 0.00050729
2.64 0.00041453 0.00043754
2.66 0.00035498 0.00037778
2.68 0.00030406 0.00032666
2.7 0.00026045 0.00028285
2.72 0.0002231 0.00024531
2.74 0.00019111 0.00021313
2.76 0.00016372 0.00018556
2.78 0.00014027 0.00016193
2.8 0.0001202 0.00014168
2.82 0.00010301 0.00012432
2.84 8.8292e-05 0.00010944
2.86 7.5693e-05 9.6678e-05
2.88 6.4904e-05 8.5729e-05
2.9 5.5666e-05 7.6334e-05
2.92 4.7754e-05 6.8268e-05
2.94 4.0978e-05 6.1341e-05
2.96 3.5172e-05 5.5388e-05
2.98 3.0198e-05 5.0269e-05
3.0 2.5935e-05 4.5864e-05
3.02 2.2285e-05 4.2075e-05
3.04 1.9158e-05 3.8812e-05
3.06 1.6475e-05 3.5995e-05
3.08 1.4173e-05 3.3562e-05
3.1 1.2197e-05 3.1457e-05
3.12 1.0501e-05 2.9633e-05
3.14 9.0437e-06 2.8052e-05
3.16 7.7918e-06 2.6677e-05
3.18 6.7159e-06 2.5481e-05
3.2 5.791e-06 2.4438e-05
3.22 4.9955e-06 2.3526e-05
3.24 4.3112e-06 2.2728e-05
3.26 3.7222e-06 2.2026e-05
3.28 3.2151e-06 2.1409e-05
3.3 2.7783e-06 2.0863e-05
3.32 2.4019e-06 2.038e-05
3.34 2.0775e-06 1.995e-05
3.36 1.7978e-06 1.9566e-05
3.38 1.5568e-06 1.9223e-05
3.4 1.3489e-06 1.8915e-05
3.42 1.1692e-06 1.8636e-05
3.44 1.014e-06 1.8384e-05
3.46 8.7983e-07 1.8153e-05
3.48 7.6377e-07 1.7942e-05
3.5 6.6334e-07 1.7749e-05
3.52 5.7641e-07 1.757e-05
3.54 5.0111e-07 1.7404e-05
3.56 4.3586e-07 1.7249e-05
3.58 3.793e-07 1.7104e-05
3.6 3.6294e-07 1.7001e-05
3.62 0.0 1.6552e-05
3.64 0.0 1.6468e-05
3.66 0.0 1.6384e-05
3.68 0.0 1.6302e-05
3.7 0.0 1.6221e-05
3.72 0.0 1.614e-05
3.74 0.0 1.6061e-05
3.76 0.0 1.5983e-05
3.78 0.0 1.5906e-05
3.8 0.0 1.583e-05
3.82 0.0 1.5755e-05
3.84 0.0 1.5681e-05
3.86 0.0 1.5607e-05
3.88 0.0 1.5535e-05
3.9 0.0 1.5463e-05
3.92 0.0 1.5392e-05
3.94 0.0 1.5323e-05
3.96 0.0 1.5253e-05
3.98 0.0 1.5185e-05
4.0 0.0 1.5118e-05
4.02 0.0 1.5051e-05
4.04 0.0 1.4985e-05
4.06 0.0 1.492e-05
4.08 0.0 1.4856e-05
4.1 0.0 1.4792e-05
4.12 0.0 1.4729e-05
4.14 0.0 1.4667e-05
4.16 0.0 1.4605e-05
4.18 0.0 1.4544e-05
4.2 0.0 1.4484e-05
4.22 0.0 1.4425e-05
4.24 0.0 1.4366e-05
4.26 0.0 1.4307e-05
4.28 0.0 1.425e-05
4.3 0.0 1.4193e-05
4.32 0.0 1.4136e-05
4.34 0.0 1.408e-05
4.36 0.0 1.4025e-05
4.38 0.0 1.397e-05
4.4 0.0 1.3916e-05
4.42 0.0 1.3862e-05
4.44 0.0 1.3809e-05
4.46 0.0 1.3756e-05
4.48 0.0 1.3704e-05
4.5 0.0 1.3653e-05
4.52 0.0 1.3602e-05
4.54 0.0 1.3551e-05
4.56 0.0 1.3501e-05
4.58 0.0 1.3451e-05
4.6 0.0 1.3402e-05
4.62 0.0 1.3354e-05
4.64 0.0 1.3305e-05
4.66 0.0 1.3258e-05
4.68 0.0 1.321e-05
4.7 0.0 1.3163e-05
4.72 0.0 1.3117e-05
4.74 0.0 1.3071e-05
4.76 0.0 1.3025e-05
4.78 0.0 1.298e-05
4.8 0.0 1.2935e-05
4.82 0.0 1.2891e-05
4.84 0.0 1.2847e-05
4.86 0.0 1.2803e-05
4.88 0.0 1.276e-05
4.9 0.0 1.2717e-05
4.92 0.0 1.2675e-05
4.94 0.0 1.2632e-05
4.96 0.0 1.2591e-05
4.98 0.0 1.2549e-05
5.0 0.0 1.2508e-05
5.02 0.0 1.2468e-05
5.04 0.0 1.2427e-05
5.06 0.0 1.2387e-05
5.08 0.0 1.2347e-05
5.1 0.0 1.2308e-05
5.12 0.0 1.2269e-05
5.14 0.0 1.223e-05
5.16 0.0 1.2192e-05
5.18 0.0 1.2154e-05
5.2 0.0 1.2116e-05
5.22 0.0 1.2079e-05
5.24 0.0 1.2041e-05
5.26 0.0 1.2004e-05
5.28 0.0 1.1968e-05
5.3 0.0 1.1932e-05
5.32 0.0 1.1895e-05
5.34 0.0 1.186e-05
5.36 0.0 1.1824e-05
5.38 0.0 1.1789e-05
5.4 0.0 1.1754e-05
5.42 0.0 1.1719e-05
5.44 0.0 1.1685e-05
5.46 0.0 1.1651e-05
5.48 0.0 1.1617e-05
5.5 0.0 1.1583e-05
5.52 0.0 1.155e-05
5.54 0.0 1.1517e-05
5.56 0.0 1.1484e-05
5.58 0.0 1.1451e-05
5.6 0.0 1.1419e-05
5.62 0.0 1.1387e-05
5.64 0.0 1.1355e-05
5.66 0.0 1.1323e-05
5.68 0.0 1.1291e-05
5.7 0.0 1.126e-05
5.72 0.0 1.1229e-05
5.74 0.0 1.1198e-05
5.76 0.0 1.1168e-05
5.78 0.0 1.1137e-05
5.8 0.0 1.1107e-05
5.82 0.0 1.1077e-05
5.84 0.0 1.1047e-05
5.86 0.0 1.1018e-05
5.88 0.0 1.0988e-05
5.9 0.0 1.0959e-05
5.92 0.0 1.093e-05
5.94 0.0 1.0901e-05
5.96 0.0 1.0873e-05
5.98 0.0 1.0844e-05
6.0 0.0 1.0816e-05
6.02 0.0 1.0788e-05
6.04 0.0 1.076e-05
6.06 0.0 1.0733e-05
6.08 0.0 1.0705e-05
6.1 0.0 1.0678e-05
6.12 0.0 1.0651e-05
6.14 0.0 1.0624e-05
6.16 0.0 1.0597e-05
6.18 0.0 1.057e-05
6.2 0.0 1.0544e-05
6.22 0.0 1.0518e-05
6.24 0.0 1.0491e-05
6.26 0.0 1.0466e-05
6.28 0.0 1.044e-05
6.3 0.0 1.0414e-05
6.32 0.0 1.0389e-05
6.34 0.0 1.0363e-05
6.36 0.0 1.0338e-05
6.38 0.0 1.0313e-05
6.4 0.0 1.0288e-05
6.42 0.0 1.0264e-05
6.44 0.0 1.0239e-05
6.46 0.0 1.0215e-05
6.48 0.0 1.019e-05
6.5 0.0 1.0166e-05
6.52 0.0 1.0142e-05
6.54 0.0 1.0118e-05
6.56 0.0 1.0095e-05
6.58 0.0 1.0071e-05
6.6 0.0 1.0048e-05
6.62 0.0 1.0024e-05
6.64 0.0 1.0001e-05
6.66 0.0 9.9783e-06
6.68 0.0 9.9554e-06
6.7 0.0 9.9326e-06
6.72 0.0 9.91e-06
6.74 0.0 9.8875e-06
6.76 0.0 9.8651e-06
6.78 0.0 9.8428e-06
6.8 0.0 9.8207e-06
6.82 0.0 9.7987e-06
6.84 0.0 9.7768e-06
6.86 0.0 9.755e-06
6.88 0.0 9.7334e-06
6.9 0.0 9.7119e-06
6.92 0.0 9.6904e-06
6.94 0.0 9.6691e-06
6.96 0.0 9.6479e-06
6.98 0.0 9.6269e-06
7.0 0.0 9.6059e-06
7.02 0.0 9.585e-06
7.04 0.0 9.5643e-06
7.06 0.0 9.5437e-06
7.08 0.0 9.5231e-06
7.1 0.0 9.5027e-06
7.12 0.0 9.4824e-06
7.14 0.0 9.4621e-06
7.16 0.0 9.442e-06
7.18 0.0 9.422e-06
7.2 0.0 9.4021e-06
7.22 0.0 9.3823e-06
7.24 0.0 9.3626e-06
7.26 0.0 9.343e-06
7.28 0.0 9.3234e-06
7.3 0.0 9.304e-06
7.32 0.0 9.2847e-06
7.34 0.0 9.2654e-06
7.36 0.0 9.2463e-06
7.38 0.0 9.2273e-06
7.4 0.0 9.2083e-06
7.42 0.0 9.1894e-06
7.44 0.0 9.1706e-06
7.46 0.0 9.152e-06
7.48 0.0 9.1333e-06
7.5 0.0 9.1148e-06
7.52 0.0 9.0964e-06
7.54 0.0 9.078e-06
7.56 0.0 9.0598e-06
7.58 0.0 9.0416e-06
7.6 0.0 9.0235e-06
7.62 0.0 9.0055e-06
7.64 0.0 8.9876e-06
7.66 0.0 8.9697e-06
7.68 0.0 8.9519e-06
7.7 0.0 8.9342e-06
7.72 0.0 8.9166e-06
7.74 0.0 8.8991e-06
7.76 0.0 8.8816e-06
7.78 0.0 8.8642e-06
7.8 0.0 8.8469e-06
7.82 0.0 8.8296e-06
7.84 0.0 8.8125e-06
7.86 0.0 8.7954e-06
7.88 0.0 8.7783e-06
7.9 0.0 8.7614e-06
7.92 0.0 8.7445e-06
7.94 0.0 8.7276e-06
7.96 0.0 8.7109e-06
7.98 0.0 8.6942e-06
8.0 0.0 8.6776e-06
8.02 0.0 8.661e-06
8.04 0.0 8.6445e-06
8.06 0.0 8.6281e-06
8.08 0.0 8.6118e-06
8.1 0.0 8.5955e-06
8.12 0.0 8.5792e-06
8.14 0.0 8.5631e-06
8.16 0.0 8.5469e-06
8.18 0.0 8.5309e-06
8.2 0.0 8.5149e-06
8.22 0.0 8.499e-06
8.24 0.0 8.4831e-06
8.26 0.0 8.4673e-06
8.28 0.0 8.4515e-06
8.3 0.0 8.4358e-06
8.32 0.0 8.4202e-06
8.34 0.0 8.4046e-06
8.36 0.0 8.389e-06
8.38 0.0 8.3736e-06
8.4 0.0 8.3581e-06
8.42 0.0 8.3428e-06
8.44 0.0 8.3274e-06
8.46 0.0 8.3121e-06
8.48 0.0 8.2969e-06
8.5 0.0 8.2817e-06
8.52 0.0 8.2666e-06
8.54 0.0 8.2515e-06
8.56 0.0 8.2365e-06
8.58 0.0 8.2215e-06
8.6 0.0 8.2066e-06
8.62 0.0 8.1917e-06
8.64 0.0 8.1769e-06
8.66 0.0 8.1621e-06
8.68 0.0 8.1473e-06
8.7 0.0 8.1326e-06
8.72 0.0 8.1179e-06
8.74 0.0 8.1033e-06
8.76 0.0 8.0887e-06
8.78 0.0 8.0742e-06
8.8 0.0 8.0597e-06
8.82 0.0 8.0452e-06
8.84 0.0 8.0308e-06
8.86 0.0 8.0164e-06
8.88 0.0 8.0021e-06
8.9 0.0 7.9877e-06
8.92 0.0 7.9735e-06
8.94 0.0 7.9592e-06
8.96 0.0 7.945e-06
8.98 0.0 7.9309e-06
9.0 0.0 7.9167e-06
9.02 0.0 7.9027e-06
9.04 0.0 7.8886e-06
9.06 0.0 7.8746e-06
9.08 0.0 7.8606e-06
9.1 0.0 7.8466e-06
9.12 0.0 7.8327e-06
9.14 0.0 7.8188e-06
9.16 0.0 7.8049e-06
9.18 0.0 7.7911e-06
9.2 0.0 7.7772e-06
9.22 0.0 7.7635e-06
9.24 0.0 7.7497e-06
9.26 0.0 7.736e-06
9.28 0.0 7.7223e-06
9.3 0.0 7.7086e-06
9.32 0.0 7.6949e-06
9.34 0.0 7.6813e-06
9.36 0.0 7.6677e-06
9.38 0.0 7.6541e-06
9.4 0.0 7.6406e-06
9.42 0.0 7.627e-06
9.44 0.0 7.6135e-06
9.46 0.0 7.6e-06
9.48 0.0 7.5866e-06
9.5 0.0 7.5731e-06
9.52 0.0 7.5597e-06
9.54 0.0 7.5463e-06
9.56 0.0 7.5329e-06
9.58 0.0 7.5195e-06
9.6 0.0 7.5062e-06
9.62 0.0 7.4928e-06
9.64 0.0 7.4795e-06
9.66 0.0 7.4662e-06
9.68 0.0 7.4529e-06
9.7 0.0 7.4397e-06
9.72 0.0 7.4264e-06
9.74 0.0 7.4132e-06
9.76 0.0 7.3999e-06
9.78 0.0 7.3867e-06
9.8 0.0 7.3735e-06
9.82 0.0 7.3603e-06
9.84 0.0 7.3471e-06
9.86 0.0 7.3339e-06
9.88 0.0 7.3208e-06
9.9 0.0 7.3076e-06
9.92 0.0 7.2945e-06
9.94 0.0 7.2813e-06
9.96 0.0 7.2682e-06
9.98 0.0 7.2551e-06
10.0 0.0 7.242e-06
10.02 0.0 7.2289e-06
10.04 0.0 7.2158e-06
10.06 0.0 7.2027e-06
10.08 0.0 7.1896e-06
10.1 0.0 7.1765e-06
10.12 0.0 7.1634e-06
10.14 0.0 7.1503e-06
10.16 0.0 7.1372e-06
10.18 0.0 7.1242e-06
10.2 0.0 7.1111e-06
10.22 0.0 7.098e-06
10.24 0.0 7.0849e-06
10.26 0.0 7.0719e-06
10.28 0.0 7.0588e-06
10.3 0.0 7.0457e-06
10.32 0.0 7.0326e-06
10.34 0.0 7.0195e-06
10.36 0.0 7.0064e-06
10.38 0.0 6.9934e-06
10.4 0.0 6.9803e-06
10.42 0.0 6.9672e-06
10.44 0.0 6.9541e-06
10.46 0.0 6.9409e-06
10.48 0.0 6.9278e-06
10.5 0.0 6.9147e-06
10.52 0.0 6.9016e-06
10.54 0.0 6.8884e-06
10.56 0.0 6.8753e-06
10.58 0.0 6.8621e-06
10.6 0.0 6.849e-06
10.62 0.0 6.8358e-06
10.64 0.0 6.8226e-06
10.66 0.0 6.8094e-06
10.68 0.0 6.7962e-06
10.7 0.0 6.783e-06
10.72 0.0 6.7698e-06
10.74 0.0 6.7565e-06
10.76 0.0 6.7433e-06
10.78 0.0 6.73e-06
10.8 0.0 6.7167e-06
10.82 0.0 6.7034e-06
10.84 0.0 6.6901e-06
10.86 0.0 6.6768e-06
10.88 0.0 6.6634e-06
10.9 0.0 6.65e-06
10.92 0.0 6.6367e-06
10.94 0.0 6.6233e-06
10.96 0.0 6.6098e-06
10.98 0.0 6.5964e-06
11.0 0.0 6.5829e-06
11.02 0.0 6.5695e-06
11.04 0.0 6.556e-06
11.06 0.0 6.5424e-06
11.08 0.0 6.5289e-06
11.1 0.0 6.5153e-06
11.12 0.0 6.5017e-06
11.14 0.0 6.4881e-06
11.16 0.0 6.4745e-06
11.18 0.0 6.4608e-06
11.2 0.0 6.4472e-06
11.22 0.0 6.4335e-06
11.24 0.0 6.4197e-06
11.26 0.0 6.406e-06
11.28 0.0 6.3922e-06
11.3 0.0 6.3784e-06
11.32 0.0 6.3645e-06
11.34 0.0 6.3507e-06
11.36 0.0 6.3368e-06
11.38 0.0 6.3229e-06
11.4 0.0 6.3089e-06
11.42 0.0 6.2949e-06
11.44 0.0 6.2809e-06
11.46 0.0 6.2669e-06
11.48 0.0 6.2528e-06
11.5 0.0 6.2387e-06
11.52 0.0 6.2246e-06
11.54 0.0 6.2104e-06
11.56 0.0 6.1962e-06
11.58 0.0 6.182e-06
11.6 0.0 6.1677e-06
11.62 0.0 6.1534e-06
11.64 0.0 6.1391e-06
11.66 0.0 6.1247e-06
11.68 0.0 6.1103e-06
11.7 0.0 6.0959e-06
11.72 0.0 6.0814e-06
11.74 0.0 6.0669e-06
11.76 0.0 6.0524e-06
11.78 0.0 6.0378e-06
11.8 0.0 6.0232e-06
11.82 0.0 6.0085e-06
11.84 0.0 5.9938e-06
11.86 0.0 5.9791e-06
11.88 0.0 5.9643e-06
11.9 0.0 5.9495e-06
11.92 0.0 5.9347e-06
11.94 0.0 5.9198e-06
11.96 0.0 5.9049e-06
11.98 0.0 5.8899e-06
12.0 0.0 5.8749e-06
12.02 0.0 5.8599e-06
12.04 0.0 5.8448e-06
12.06 0.0 5.8297e-06
12.08 0.0 5.8145e-06
12.1 0.0 5.7993e-06
12.12 0.0 5.784e-06
12.14 0.0 5.7688e-06
12.16 0.0 5.7534e-06
12.18 0.0 5.738e-06
12.2 0.0 5.7226e-06
12.22 0.0 5.7072e-06
12.24 0.0 5.6917e-06
12.26 0.0 5.6761e-06
12.28 0.0 5.6605e-06
12.3 0.0 5.6449e-06
12.32 0.0 5.6292e-06
12.34 0.0 5.6135e-06
12.36 0.0 5.5977e-06
12.38 0.0 5.5819e-06
12.4 0.0 5.5661e-06
12.42 0.0 5.5502e-06
12.44 0.0 5.5342e-06
12.46 0.0 5.5182e-06
12.48 0.0 5.5022e-06
12.5 0.0 5.4861e-06
12.52 0.0 5.47e-06
12.54 0.0 5.4539e-06
12.56 0.0 5.4376e-06
12.58 0.0 5.4214e-06
12.6 0.0 5.4051e-06
12.62 0.0 5.3887e-06
12.64 0.0 5.3723e-06
12.66 0.0 5.3559e-06
12.68 0.0 5.3394e-06
12.7 0.0 5.3229e-06
12.72 0.0 5.3063e-06
12.74 0.0 5.2897e-06
12.76 0.0 5.273e-06
12.78 0.0 5.2563e-06
12.8 0.0 5.2396e-06
12.82 0.0 5.2228e-06
12.84 0.0 5.2059e-06
12.86 0.0 5.189e-06
12.88 0.0 5.1721e-06
12.9 0.0 5.1551e-06
12.92 0.0 5.1381e-06
12.94 0.0 5.121e-06
12.96 0.0 5.1039e-06
12.98 0.0 5.0867e-06
13.0 0.0 5.0695e-06
13.02 0.0 5.0523e-06
13.04 0.0 5.035e-06
13.06 0.0 5.0177e-06
13.08 0.0 5.0003e-06
13.1 0.0 4.9829e-06
13.12 0.0 4.9654e-06
13.14 0.0 4.9479e-06
13.16 0.0 4.9303e-06
13.18 0.0 4.9127e-06
13.2 0.0 4.8951e-06
13.22 0.0 4.8774e-06
13.24 0.0 4.8597e-06
13.26 0.0 4.842e-06
13.28 0.0 4.8242e-06
13.3 0.0 4.8063e-06
13.32 0.0 4.7884e-06
13.34 0.0 4.7705e-06
13.36 0.0 4.7526e-06
13.38 0.0 4.7346e-06
13.4 0.0 4.7165e-06
13.42 0.0 4.6984e-06
13.44 0.0 4.6803e-06
13.46 0.0 4.6622e-06
13.48 0.0 4.644e-06
13.5 0.0 4.6258e-06
13.52 0.0 4.6075e-06
13.54 0.0 4.5892e-06
13.56 0.0 4.5709e-06
13.58 0.0 4.5525e-06
13.6 0.0 4.5341e-06
13.62 0.0 4.5157e-06
13.64 0.0 4.4972e-06
13.66 0.0 4.4787e-06
13.68 0.0 4.4602e-06
13.7 0.0 4.4416e-06
13.72 0.0 4.423e-06
13.74 0.0 4.4044e-06
13.76 0.0 4.3857e-06
13.78 0.0 4.367e-06
13.8 0.0 4.3483e-06
13.82 0.0 4.3296e-06
13.84 0.0 4.3108e-06
13.86 0.0 4.292e-06
13.88 0.0 4.2732e-06
13.9 0.0 4.2543e-06
13.92 0.0 4.2355e-06
13.94 0.0 4.2166e-06
13.96 0.0 4.1976e-06
13.98 0.0 4.1787e-06
14.0 0.0 4.1597e-06
14.02 0.0 4.1407e-06
14.04 0.0 4.1217e-06
14.06 0.0 4.1027e-06
14.08 0.0 4.0836e-06
14.1 0.0 4.0646e-06
14.12 0.0 4.0455e-06
14.14 0.0 4.0264e-06
14.16 0.0 4.0073e-06
14.18 0.0 3.9881e-06
14.2 0.0 3.969e-06
14.22 0.0 3.9498e-06
14.24 0.0 3.9306e-06
14.26 0.0 3.9114e-06
14.28 0.0 3.8922e-06
14.3 0.0 3.873e-06
14.32 0.0 3.8538e-06
14.34 0.0 3.8346e-06
14.36 0.0 3.8153e-06
14.38 0.0 3.7961e-06
14.4 0.0 3.7768e-06
14.42 0.0 3.7576e-06
14.44 0.0 3.7383e-06
14.46 0.0 3.719e-06
14.48 0.0 3.6997e-06
14.5 0.0 3.6805e-06
14.52 0.0 3.6612e-06
14.54 0.0 3.6419e-06
14.56 0.0 3.6226e-06
14.58 0.0 3.6034e-06
14.6 0.0 3.5841e-06
14.62 0.0 3.5648e-06
14.64 0.0 3.5456e-06
14.66 0.0 3.5263e-06
14.68 0.0 3.507e-06
14.7 0.0 3.4878e-06
14.72 0.0 3.4685e-06
14.74 0.0 3.4493e-06
14.76 0.0 3.4301e-06
14.78 0.0 3.4109e-06
14.8 0.0 3.3917e-06
14.82 0.0 3.3725e-06
14.84 0.0 3.3533e-06
14.86 0.0 3.3341e-06
14.88 0.0 3.315e-06
14.9 0.0 3.2958e-06
14.92 0.0 3.2767e-06
14.94 0.0 3.2576e-06
14.96 0.0 3.2385e-06
14.98 0.0 3.2195e-06
15.0 0.0 3.2004e-06
15.02 0.0 3.1814e-06
15.04 0.0 3.1624e-06
15.06 0.0 3.1435e-06
15.08 0.0 3.1245e-06
15.1 0.0 3.1056e-06
15.12 0.0 3.0867e-06
15.14 0.0 3.0678e-06
15.16 0.0 3.049e-06
15.18 0.0 3.0302e-06
15.2 0.0 3.0114e-06
15.22 0.0 2.9926e-06
15.24 0.0 2.9739e-06
15.26 0.0 2.9552e-06
15.28 0.0 2.9366e-06
15.3 0.0 2.918e-06
15.32 0.0 2.8994e-06
15.34 0.0 2.8808e-06
15.36 0.0 2.8623e-06
