tests/resources/generated/spe_LSTN_01_2025-04-03.ecsv
# %ECSV 1.0
# ---
# datatype:
# - {name: amplitude, datatype: float64}
# - {name: frequency (prompt), datatype: float64}
# - {name: frequency (prompt+afterpulsing), datatype: float64}
# meta: !!omap
# - comments: [Norm_spe processing of single-p.e. response., Table with 250 rows has been read from file /tmp/tmpslz4ze8l, Scaling x axis
#       by factor 0.995334, Scaling y axis by factor 0.0527663, Folding in afterpulse spectrum from file '/tmp/tmpc186x3xl' enforcing
#       uniform, sampling of 2109 steps of size 0.019907 from 0.009953 to 41.973234., 'Afterpulse ratio (prompt x AP folded) above 4.000000
#       mean p.e.: 0.000037', 'Mean(prompt) = 1.000, peak at 1.174 (sum=1.000)', 'Fraction of events below 10% of mean: 0.044', 'Fraction
#       of events below 20% of mean: 0.083', 'Fraction of events below 30% of mean: 0.117', 'Sqrt(Excess noise factor): 1.103, ENF = 1.216',
#     'Note: collection efficiency losses should be included in low amplitude signals.', Rebinning to 2101 uniform steps of size 0.020000
#       from 0.000000 to 42.000000.]
# - cta:
#     activity:
#       end: '2026-04-13T18:36:58+00:00'
#       id: 019d8821-ed84-7a91-a57c-3811c0bc1bb3
#       name: simtools-derive-photon-electron-spectrum
#       software: {name: simtools, version: 0.29.1.dev146+ge052d4262.d20260413}
#       start: '2026-04-13T18:36:58+00:00'
#       type: software
#     contact: {name: G.Maier, orcid: 0000-0001-9868-4700, organization: CTAO}
#     instrument: {class: telescopes, id: LSTN-01, site: North, type: LSTN}
#     process: {type: simulation}
#     product:
#       creation_time: '2026-04-13T18:36:58+00:00'
#       data:
#         category: SIM
#         level: R1
#         model: {name: single_pe_spectrum, url: 'https://raw.githubusercontent.com/gammasim/simtools/main/src/simtools/schemas//model_parameters/pm_photoelectron_spectrum.schema.yml',
#           version: 0.0.0}
#         type: Service
#       filename: spe_LSTN_01_2025-04-03.ecsv
#       format: ecsv
#       id: 019d8821-ef5d-7f34-9782-6e7e068a26e6
#     reference: {version: 2.0.0}
# schema: astropy-2.0
amplitude "frequency (prompt)" "frequency (prompt+afterpulsing)"
0.0 0.4694 0.4694
0.02 0.46378 0.46378
0.04 0.45267 0.45267
0.06 0.44172 0.44172
0.08 0.43095 0.43095
0.1 0.42037 0.42037
0.12 0.41002 0.41002
0.14 0.39991 0.39991
0.16 0.39008 0.39008
0.18 0.38055 0.38055
0.2 0.37138 0.37138
0.22 0.36259 0.36259
0.24 0.35425 0.35425
0.26 0.34638 0.34638
0.28 0.33907 0.33907
0.3 0.33236 0.33236
0.32 0.32632 0.32632
0.34 0.32101 0.32101
0.36 0.31652 0.31652
0.38 0.31292 0.31292
0.4 0.31028 0.31028
0.42 0.30868 0.30868
0.44 0.3082 0.3082
0.46 0.30893 0.30893
0.48 0.31093 0.31093
0.5 0.31427 0.31427
0.52 0.31903 0.31903
0.54 0.32525 0.32525
0.56 0.33299 0.33299
0.58 0.34227 0.34227
0.6 0.35312 0.35312
0.62 0.36553 0.36553
0.64 0.3795 0.3795
0.66 0.39497 0.39497
0.68 0.4119 0.4119
0.7 0.43017 0.43017
0.72 0.44968 0.44968
0.74 0.47027 0.47027
0.76 0.49173 0.49173
0.78 0.51383 0.51383
0.8 0.53619 0.53619
0.82 0.55814 0.55814
0.84 0.5875 0.5875
0.86 0.62269 0.62269
0.88 0.65875 0.65875
0.9 0.6943 0.6943
0.92 0.72905 0.72905
0.94 0.76269 0.76269
0.96 0.79492 0.79492
0.98 0.82543 0.82543
1.0 0.85392 0.85392
1.02 0.8801 0.8801
1.04 0.90372 0.90372
1.06 0.92453 0.92453
1.08 0.94229 0.94229
1.1 0.95682 0.95682
1.12 0.96796 0.96796
1.14 0.9756 0.9756
1.16 0.97963 0.97963
1.18 0.98002 0.98002
1.2 0.97677 0.97677
1.22 0.96991 0.96991
1.24 0.95951 0.95951
1.26 0.94569 0.94569
1.28 0.9286 0.9286
1.3 0.90844 0.90844
1.32 0.8854 0.8854
1.34 0.85973 0.85973
1.36 0.8317 0.8317
1.38 0.8016 0.8016
1.4 0.76971 0.76971
1.42 0.73634 0.73634
1.44 0.70179 0.70179
1.46 0.66638 0.66638
1.48 0.6304 0.6304
1.5 0.59414 0.59414
1.52 0.55788 0.55788
1.54 0.52189 0.52189
1.56 0.4864 0.4864
1.58 0.45164 0.45164
1.6 0.4178 0.4178
1.62 0.38505 0.38505
1.64 0.35356 0.35356
1.66 0.32343 0.32343
1.68 0.29476 0.29476
1.7 0.26764 0.26764
1.72 0.24211 0.24211
1.74 0.2182 0.2182
1.76 0.19591 0.19591
1.78 0.17525 0.17525
1.8 0.15618 0.15618
1.82 0.13867 0.13867
1.84 0.12267 0.12267
1.86 0.1081 0.1081
1.88 0.094914 0.094914
1.9 0.083024 0.083024
1.92 0.072352 0.072352
1.94 0.062818 0.062818
1.96 0.054336 0.054336
1.98 0.046825 0.046825
2.0 0.040201 0.040201
2.02 0.034386 0.034386
2.04 0.029303 0.029303
2.06 0.024877 0.024877
2.08 0.021042 0.021042
2.1 0.017731 0.017731
2.12 0.014886 0.014886
2.14 0.012451 0.012451
2.16 0.010377 0.010377
2.18 0.0086156 0.0086156
2.2 0.0071268 0.0071268
2.22 0.0058735 0.0058735
2.24 0.0048226 0.0048226
2.26 0.0039449 0.0039449
2.28 0.0032151 0.0032151
2.3 0.0026105 0.0026105
2.32 0.0021117 0.0021117
2.34 0.0017019 0.0017019
2.36 0.0013665 0.0013665
2.38 0.0010931 0.0010931
2.4 0.0008712 0.0008712
2.42 0.00069174 0.00069174
2.44 0.00054722 0.00054722
2.46 0.00043128 0.00043128
2.48 0.00033864 0.00033864
2.5 0.00026491 0.00026491
2.52 0.00020646 0.00020646
2.54 0.00016031 0.00016031
2.56 0.00012402 0.00012402
2.58 9.5583e-05 9.5583e-05
2.6 7.3394e-05 7.3394e-05
2.62 5.6146e-05 5.6146e-05
2.64 4.2793e-05 4.2793e-05
2.66 3.2494e-05 3.2494e-05
2.68 2.4582e-05 2.4582e-05
2.7 1.8527e-05 1.8527e-05
2.72 1.3912e-05 1.3912e-05
2.74 1.0408e-05 1.0408e-05
2.76 7.7571e-06 7.7571e-06
2.78 5.7601e-06 5.7601e-06
2.8 4.2613e-06 4.2613e-06
2.82 3.1408e-06 3.1408e-06
2.84 2.3063e-06 2.3063e-06
2.86 1.6873e-06 1.6873e-06
2.88 1.2298e-06 1.2298e-06
2.9 8.9303e-07 8.9303e-07
2.92 6.4607e-07 6.4607e-07
2.94 4.6567e-07 4.6567e-07
2.96 3.344e-07 3.344e-07
2.98 2.3924e-07 2.3924e-07
3.0 1.7052e-07 1.7052e-07
3.02 1.2109e-07 1.2109e-07
3.04 8.5669e-08 8.5669e-08
3.06 6.0384e-08 6.0384e-08
3.08 4.2404e-08 4.2404e-08
3.1 2.9667e-08 2.9667e-08
3.12 2.0678e-08 2.0678e-08
3.14 1.436e-08 1.436e-08
3.16 9.9349e-09 9.9349e-09
3.18 6.848e-09 6.848e-09
3.2 4.7027e-09 4.7027e-09
3.22 3.2175e-09 3.2175e-09
3.24 2.1931e-09 2.1931e-09
3.26 1.4893e-09 1.4893e-09
3.28 1.0077e-09 1.0077e-09
3.3 6.7922e-10 6.7922e-10
3.32 4.5613e-10 4.5613e-10
3.34 3.0518e-10 3.0518e-10
3.36 2.0342e-10 2.0342e-10
3.38 1.3509e-10 1.3509e-10
3.4 8.9382e-11 8.9382e-11
3.42 5.8918e-11 5.8918e-11
3.44 3.8692e-11 3.8692e-11
3.46 2.5316e-11 2.5316e-11
3.48 1.6502e-11 1.6502e-11
3.5 1.0717e-11 1.0717e-11
3.52 6.9339e-12 6.9339e-12
3.54 4.4696e-12 4.4696e-12
3.56 2.8704e-12 2.8704e-12
3.58 1.8366e-12 1.8366e-12
3.6 1.1707e-12 1.1707e-12
3.62 7.4349e-13 7.4349e-13
3.64 4.7042e-13 4.7042e-13
3.66 2.9653e-13 2.9653e-13
3.68 1.8623e-13 1.8623e-13
3.7 1.1652e-13 1.1652e-13
3.72 7.2634e-14 7.2634e-14
3.74 4.5108e-14 4.5108e-14
3.76 2.791e-14 2.791e-14
3.78 1.7205e-14 1.7205e-14
3.8 1.0566e-14 1.0566e-14
3.82 6.4649e-15 6.4649e-15
3.84 3.9408e-15 3.9408e-15
3.86 2.3933e-15 2.3933e-15
3.88 1.4481e-15 1.4481e-15
3.9 8.7291e-16 8.7291e-16
3.92 5.2424e-16 5.2424e-16
3.94 3.1367e-16 3.1367e-16
3.96 1.8698e-16 1.8698e-16
3.98 1.1104e-16 1.1104e-16
4.0 6.5702e-17 2.8707e-08
4.02 3.8729e-17 9.3851e-08
4.04 2.2745e-17 1.5726e-07
4.06 1.3308e-17 2.1895e-07
4.08 7.7575e-18 2.7895e-07
4.1 4.5052e-18 3.3731e-07
4.12 2.6067e-18 3.9404e-07
4.14 1.5026e-18 4.492e-07
4.16 8.6291e-19 5.0282e-07
4.18 4.9372e-19 5.5495e-07
4.2 2.8143e-19 6.0564e-07
4.22 1.5983e-19 6.5496e-07
4.24 9.0428e-20 7.0296e-07
4.26 5.0973e-20 7.4971e-07
4.28 2.8626e-20 7.953e-07
4.3 1.6016e-20 8.3982e-07
4.32 8.9274e-21 8.8336e-07
4.34 4.9577e-21 9.2602e-07
4.36 2.7429e-21 9.6792e-07
4.38 1.5119e-21 1.0092e-06
4.4 8.3028e-22 1.05e-06
4.42 4.5425e-22 1.0904e-06
4.44 2.476e-22 1.1306e-06
4.46 1.3446e-22 1.1708e-06
4.48 7.2743e-23 1.2111e-06
4.5 3.9209e-23 1.2518e-06
4.52 2.1055e-23 1.2931e-06
4.54 1.1264e-23 1.3351e-06
4.56 6.0038e-24 1.378e-06
4.58 3.1881e-24 1.4221e-06
4.6 1.6866e-24 1.4675e-06
4.62 8.8894e-25 1.5146e-06
4.64 4.6678e-25 1.5635e-06
4.66 2.4419e-25 1.6144e-06
4.68 1.2727e-25 1.6675e-06
4.7 6.6083e-26 1.723e-06
4.72 3.4185e-26 1.7811e-06
4.74 1.7618e-26 1.8419e-06
4.76 9.0462e-27 1.9055e-06
4.78 4.6275e-27 1.9721e-06
4.8 2.3583e-27 2.0416e-06
4.82 1.1974e-27 2.114e-06
4.84 6.0568e-28 2.1901e-06
4.86 3.0523e-28 2.271e-06
4.88 1.5325e-28 2.3568e-06
4.9 7.6652e-29 2.4472e-06
4.92 3.8198e-29 2.5423e-06
4.94 1.8964e-29 2.6419e-06
4.96 9.3796e-30 2.7457e-06
4.98 6.9808e-30 2.8535e-06
5.0 2.2899e-30 2.965e-06
5.02 0.0 3.08e-06
5.04 0.0 3.1979e-06
5.06 0.0 3.3184e-06
5.08 0.0 3.4411e-06
5.1 0.0 3.5655e-06
5.12 0.0 3.6912e-06
5.14 0.0 3.8176e-06
5.16 0.0 3.9443e-06
5.18 0.0 4.0706e-06
5.2 0.0 4.1962e-06
5.22 0.0 4.3205e-06
5.24 0.0 4.443e-06
5.26 0.0 4.5632e-06
5.28 0.0 4.6808e-06
5.3 0.0 4.7951e-06
5.32 0.0 4.9059e-06
5.34 0.0 5.0129e-06
5.36 0.0 5.1155e-06
5.38 0.0 5.2137e-06
5.4 0.0 5.3071e-06
5.42 0.0 5.3956e-06
5.44 0.0 5.479e-06
5.46 0.0 5.5571e-06
5.48 0.0 5.63e-06
5.5 0.0 5.6975e-06
5.52 0.0 5.7598e-06
5.54 0.0 5.8168e-06
5.56 0.0 5.8686e-06
5.58 0.0 5.9154e-06
5.6 0.0 5.9572e-06
5.62 0.0 5.9943e-06
5.64 0.0 6.0269e-06
5.66 0.0 6.055e-06
5.68 0.0 6.0791e-06
5.7 0.0 6.0992e-06
5.72 0.0 6.1157e-06
5.74 0.0 6.1287e-06
5.76 0.0 6.1385e-06
5.78 0.0 6.1453e-06
5.8 0.0 6.1494e-06
5.82 0.0 6.151e-06
5.84 0.0 6.1502e-06
5.86 0.0 6.1475e-06
5.88 0.0 6.1428e-06
5.9 0.0 6.1364e-06
5.92 0.0 6.1285e-06
5.94 0.0 6.1193e-06
5.96 0.0 6.1089e-06
5.98 0.0 6.0974e-06
6.0 0.0 6.0849e-06
6.02 0.0 6.0717e-06
6.04 0.0 6.0577e-06
6.06 0.0 6.0432e-06
6.08 0.0 6.0281e-06
6.1 0.0 6.0125e-06
6.12 0.0 5.9966e-06
6.14 0.0 5.9803e-06
6.16 0.0 5.9638e-06
6.18 0.0 5.947e-06
6.2 0.0 5.9301e-06
6.22 0.0 5.913e-06
6.24 0.0 5.8957e-06
6.26 0.0 5.8784e-06
6.28 0.0 5.861e-06
6.3 0.0 5.8435e-06
6.32 0.0 5.826e-06
6.34 0.0 5.8085e-06
6.36 0.0 5.7909e-06
6.38 0.0 5.7733e-06
6.4 0.0 5.7557e-06
6.42 0.0 5.7381e-06
6.44 0.0 5.7206e-06
6.46 0.0 5.703e-06
6.48 0.0 5.6854e-06
6.5 0.0 5.6679e-06
6.52 0.0 5.6504e-06
6.54 0.0 5.6329e-06
6.56 0.0 5.6154e-06
6.58 0.0 5.5979e-06
6.6 0.0 5.5805e-06
6.62 0.0 5.5631e-06
6.64 0.0 5.5457e-06
6.66 0.0 5.5284e-06
6.68 0.0 5.511e-06
6.7 0.0 5.4937e-06
6.72 0.0 5.4765e-06
6.74 0.0 5.4592e-06
6.76 0.0 5.442e-06
6.78 0.0 5.4248e-06
6.8 0.0 5.4077e-06
6.82 0.0 5.3905e-06
6.84 0.0 5.3734e-06
6.86 0.0 5.3564e-06
6.88 0.0 5.3393e-06
6.9 0.0 5.3223e-06
6.92 0.0 5.3053e-06
6.94 0.0 5.2884e-06
6.96 0.0 5.2715e-06
6.98 0.0 5.2546e-06
7.0 0.0 5.2377e-06
7.02 0.0 5.2208e-06
7.04 0.0 5.204e-06
7.06 0.0 5.1873e-06
7.08 0.0 5.1705e-06
7.1 0.0 5.1538e-06
7.12 0.0 5.1371e-06
7.14 0.0 5.1204e-06
7.16 0.0 5.1038e-06
7.18 0.0 5.0872e-06
7.2 0.0 5.0706e-06
7.22 0.0 5.0541e-06
7.24 0.0 5.0376e-06
7.26 0.0 5.0211e-06
7.28 0.0 5.0046e-06
7.3 0.0 4.9882e-06
7.32 0.0 4.9718e-06
7.34 0.0 4.9554e-06
7.36 0.0 4.9391e-06
7.38 0.0 4.9228e-06
7.4 0.0 4.9065e-06
7.42 0.0 4.8903e-06
7.44 0.0 4.8741e-06
7.46 0.0 4.8579e-06
7.48 0.0 4.8418e-06
7.5 0.0 4.8256e-06
7.52 0.0 4.8096e-06
7.54 0.0 4.7935e-06
7.56 0.0 4.7775e-06
7.58 0.0 4.7615e-06
7.6 0.0 4.7455e-06
7.62 0.0 4.7296e-06
7.64 0.0 4.7137e-06
7.66 0.0 4.6978e-06
7.68 0.0 4.682e-06
7.7 0.0 4.6662e-06
7.72 0.0 4.6504e-06
7.74 0.0 4.6346e-06
7.76 0.0 4.6189e-06
7.78 0.0 4.6032e-06
7.8 0.0 4.5876e-06
7.82 0.0 4.572e-06
7.84 0.0 4.5564e-06
7.86 0.0 4.5408e-06
7.88 0.0 4.5253e-06
7.9 0.0 4.5098e-06
7.92 0.0 4.4943e-06
7.94 0.0 4.4789e-06
7.96 0.0 4.4635e-06
7.98 0.0 4.4481e-06
8.0 0.0 4.4328e-06
8.02 0.0 4.4175e-06
8.04 0.0 4.4022e-06
8.06 0.0 4.387e-06
8.08 0.0 4.3718e-06
8.1 0.0 4.3566e-06
8.12 0.0 4.3415e-06
8.14 0.0 4.3263e-06
8.16 0.0 4.3113e-06
8.18 0.0 4.2962e-06
8.2 0.0 4.2812e-06
8.22 0.0 4.2662e-06
8.24 0.0 4.2513e-06
8.26 0.0 4.2363e-06
8.28 0.0 4.2215e-06
8.3 0.0 4.2066e-06
8.32 0.0 4.1918e-06
8.34 0.0 4.177e-06
8.36 0.0 4.1622e-06
8.38 0.0 4.1475e-06
8.4 0.0 4.1328e-06
8.42 0.0 4.1182e-06
8.44 0.0 4.1035e-06
8.46 0.0 4.0889e-06
8.48 0.0 4.0744e-06
8.5 0.0 4.0598e-06
8.52 0.0 4.0453e-06
8.54 0.0 4.0309e-06
8.56 0.0 4.0164e-06
8.58 0.0 4.002e-06
8.6 0.0 3.9877e-06
8.62 0.0 3.9733e-06
8.64 0.0 3.959e-06
8.66 0.0 3.9448e-06
8.68 0.0 3.9305e-06
8.7 0.0 3.9163e-06
8.72 0.0 3.9022e-06
8.74 0.0 3.888e-06
8.76 0.0 3.8739e-06
8.78 0.0 3.8598e-06
8.8 0.0 3.8458e-06
8.82 0.0 3.8318e-06
8.84 0.0 3.8178e-06
8.86 0.0 3.8039e-06
8.88 0.0 3.79e-06
8.9 0.0 3.7761e-06
8.92 0.0 3.7622e-06
8.94 0.0 3.7484e-06
8.96 0.0 3.7347e-06
8.98 0.0 3.7209e-06
9.0 0.0 3.7072e-06
9.02 0.0 3.6935e-06
9.04 0.0 3.6799e-06
9.06 0.0 3.6663e-06
9.08 0.0 3.6527e-06
9.1 0.0 3.6391e-06
9.12 0.0 3.6256e-06
9.14 0.0 3.6121e-06
9.16 0.0 3.5987e-06
9.18 0.0 3.5853e-06
9.2 0.0 3.5719e-06
9.22 0.0 3.5585e-06
9.24 0.0 3.5452e-06
9.26 0.0 3.5319e-06
9.28 0.0 3.5187e-06
9.3 0.0 3.5055e-06
9.32 0.0 3.4923e-06
9.34 0.0 3.4791e-06
9.36 0.0 3.466e-06
9.38 0.0 3.4529e-06
9.4 0.0 3.4399e-06
9.42 0.0 3.4269e-06
9.44 0.0 3.4139e-06
9.46 0.0 3.4009e-06
9.48 0.0 3.388e-06
9.5 0.0 3.3751e-06
9.52 0.0 3.3623e-06
9.54 0.0 3.3495e-06
9.56 0.0 3.3367e-06
9.58 0.0 3.3239e-06
9.6 0.0 3.3112e-06
9.62 0.0 3.2985e-06
9.64 0.0 3.2858e-06
9.66 0.0 3.2732e-06
9.68 0.0 3.2606e-06
9.7 0.0 3.2481e-06
9.72 0.0 3.2356e-06
9.74 0.0 3.2231e-06
9.76 0.0 3.2106e-06
9.78 0.0 3.1982e-06
9.8 0.0 3.1858e-06
9.82 0.0 3.1734e-06
9.84 0.0 3.1611e-06
9.86 0.0 3.1488e-06
9.88 0.0 3.1365e-06
9.9 0.0 3.1243e-06
9.92 0.0 3.1121e-06
9.94 0.0 3.1e-06
9.96 0.0 3.0878e-06
9.98 0.0 3.0757e-06
10.0 0.0 3.0637e-06
10.02 0.0 3.0516e-06
10.04 0.0 3.0396e-06
10.06 0.0 3.0277e-06
10.08 0.0 3.0157e-06
10.1 0.0 3.0038e-06
10.12 0.0 2.992e-06
10.14 0.0 2.9801e-06
10.16 0.0 2.9683e-06
10.18 0.0 2.9566e-06
10.2 0.0 2.9448e-06
10.22 0.0 2.9331e-06
10.24 0.0 2.9215e-06
10.26 0.0 2.9098e-06
10.28 0.0 2.8982e-06
10.3 0.0 2.8866e-06
10.32 0.0 2.8751e-06
10.34 0.0 2.8636e-06
10.36 0.0 2.8521e-06
10.38 0.0 2.8407e-06
10.4 0.0 2.8293e-06
10.42 0.0 2.8179e-06
10.44 0.0 2.8065e-06
10.46 0.0 2.7952e-06
10.48 0.0 2.7839e-06
10.5 0.0 2.7727e-06
10.52 0.0 2.7615e-06
10.54 0.0 2.7503e-06
10.56 0.0 2.7391e-06
10.58 0.0 2.728e-06
10.6 0.0 2.7169e-06
10.62 0.0 2.7059e-06
10.64 0.0 2.6948e-06
10.66 0.0 2.6839e-06
10.68 0.0 2.6729e-06
10.7 0.0 2.662e-06
10.72 0.0 2.6511e-06
10.74 0.0 2.6402e-06
10.76 0.0 2.6294e-06
10.78 0.0 2.6186e-06
10.8 0.0 2.6078e-06
10.82 0.0 2.5971e-06
10.84 0.0 2.5864e-06
10.86 0.0 2.5757e-06
10.88 0.0 2.5651e-06
10.9 0.0 2.5545e-06
10.92 0.0 2.5439e-06
10.94 0.0 2.5333e-06
10.96 0.0 2.5228e-06
10.98 0.0 2.5123e-06
11.0 0.0 2.5019e-06
11.02 0.0 2.4915e-06
11.04 0.0 2.4811e-06
11.06 0.0 2.4707e-06
11.08 0.0 2.4604e-06
11.1 0.0 2.4501e-06
11.12 0.0 2.4399e-06
11.14 0.0 2.4296e-06
11.16 0.0 2.4194e-06
11.18 0.0 2.4093e-06
11.2 0.0 2.3991e-06
11.22 0.0 2.389e-06
11.24 0.0 2.3789e-06
11.26 0.0 2.3689e-06
11.28 0.0 2.3589e-06
11.3 0.0 2.3489e-06
11.32 0.0 2.339e-06
11.34 0.0 2.3291e-06
11.36 0.0 2.3192e-06
11.38 0.0 2.3093e-06
11.4 0.0 2.2995e-06
11.42 0.0 2.2897e-06
11.44 0.0 2.2799e-06
11.46 0.0 2.2702e-06
11.48 0.0 2.2605e-06
11.5 0.0 2.2508e-06
11.52 0.0 2.2412e-06
11.54 0.0 2.2316e-06
11.56 0.0 2.222e-06
11.58 0.0 2.2125e-06
11.6 0.0 2.2029e-06
11.62 0.0 2.1935e-06
11.64 0.0 2.184e-06
11.66 0.0 2.1746e-06
11.68 0.0 2.1652e-06
11.7 0.0 2.1558e-06
11.72 0.0 2.1465e-06
11.74 0.0 2.1372e-06
11.76 0.0 2.1279e-06
11.78 0.0 2.1187e-06
11.8 0.0 2.1094e-06
11.82 0.0 2.1003e-06
11.84 0.0 2.0911e-06
11.86 0.0 2.082e-06
11.88 0.0 2.0729e-06
11.9 0.0 2.0638e-06
11.92 0.0 2.0548e-06
11.94 0.0 2.0458e-06
11.96 0.0 2.0368e-06
11.98 0.0 2.0279e-06
12.0 0.0 2.0189e-06
12.02 0.0 2.0101e-06
12.04 0.0 2.0012e-06
12.06 0.0 1.9924e-06
12.08 0.0 1.9836e-06
12.1 0.0 1.9748e-06
12.12 0.0 1.9661e-06
12.14 0.0 1.9574e-06
12.16 0.0 1.9487e-06
12.18 0.0 1.94e-06
12.2 0.0 1.9314e-06
12.22 0.0 1.9228e-06
12.24 0.0 1.9143e-06
12.26 0.0 1.9057e-06
12.28 0.0 1.8972e-06
12.3 0.0 1.8887e-06
12.32 0.0 1.8803e-06
12.34 0.0 1.8719e-06
12.36 0.0 1.8635e-06
12.38 0.0 1.8551e-06
12.4 0.0 1.8468e-06
12.42 0.0 1.8385e-06
12.44 0.0 1.8302e-06
12.46 0.0 1.822e-06
12.48 0.0 1.8138e-06
12.5 0.0 1.8056e-06
12.52 0.0 1.7974e-06
12.54 0.0 1.7893e-06
12.56 0.0 1.7812e-06
12.58 0.0 1.7731e-06
12.6 0.0 1.765e-06
12.62 0.0 1.757e-06
12.64 0.0 1.749e-06
12.66 0.0 1.7411e-06
12.68 0.0 1.7331e-06
12.7 0.0 1.7252e-06
12.72 0.0 1.7173e-06
12.74 0.0 1.7095e-06
12.76 0.0 1.7017e-06
12.78 0.0 1.6939e-06
12.8 0.0 1.6861e-06
12.82 0.0 1.6784e-06
12.84 0.0 1.6707e-06
12.86 0.0 1.663e-06
12.88 0.0 1.6553e-06
12.9 0.0 1.6477e-06
12.92 0.0 1.6401e-06
12.94 0.0 1.6325e-06
12.96 0.0 1.625e-06
12.98 0.0 1.6174e-06
13.0 0.0 1.6099e-06
13.02 0.0 1.6025e-06
13.04 0.0 1.595e-06
13.06 0.0 1.5876e-06
13.08 0.0 1.5802e-06
13.1 0.0 1.5729e-06
13.12 0.0 1.5655e-06
13.14 0.0 1.5582e-06
13.16 0.0 1.551e-06
13.18 0.0 1.5437e-06
13.2 0.0 1.5365e-06
13.22 0.0 1.5293e-06
13.24 0.0 1.5221e-06
13.26 0.0 1.515e-06
13.28 0.0 1.5078e-06
13.3 0.0 1.5007e-06
13.32 0.0 1.4937e-06
13.34 0.0 1.4866e-06
13.36 0.0 1.4796e-06
13.38 0.0 1.4726e-06
13.4 0.0 1.4657e-06
13.42 0.0 1.4587e-06
13.44 0.0 1.4518e-06
13.46 0.0 1.4449e-06
13.48 0.0 1.4381e-06
13.5 0.0 1.4312e-06
13.52 0.0 1.4244e-06
13.54 0.0 1.4176e-06
13.56 0.0 1.4109e-06
13.58 0.0 1.4042e-06
13.6 0.0 1.3975e-06
13.62 0.0 1.3908e-06
13.64 0.0 1.3841e-06
13.66 0.0 1.3775e-06
13.68 0.0 1.3709e-06
13.7 0.0 1.3643e-06
13.72 0.0 1.3578e-06
13.74 0.0 1.3512e-06
13.76 0.0 1.3447e-06
13.78 0.0 1.3382e-06
13.8 0.0 1.3318e-06
13.82 0.0 1.3254e-06
13.84 0.0 1.3189e-06
13.86 0.0 1.3126e-06
13.88 0.0 1.3062e-06
13.9 0.0 1.2999e-06
13.92 0.0 1.2936e-06
13.94 0.0 1.2873e-06
13.96 0.0 1.281e-06
13.98 0.0 1.2748e-06
14.0 0.0 1.2686e-06
14.02 0.0 1.2624e-06
14.04 0.0 1.2562e-06
14.06 0.0 1.2501e-06
14.08 0.0 1.244e-06
14.1 0.0 1.2379e-06
14.12 0.0 1.2318e-06
14.14 0.0 1.2258e-06
14.16 0.0 1.2198e-06
14.18 0.0 1.2138e-06
14.2 0.0 1.2078e-06
14.22 0.0 1.2019e-06
14.24 0.0 1.196e-06
14.26 0.0 1.1901e-06
14.28 0.0 1.1842e-06
14.3 0.0 1.1783e-06
14.32 0.0 1.1725e-06
14.34 0.0 1.1667e-06
14.36 0.0 1.1609e-06
14.38 0.0 1.1552e-06
14.4 0.0 1.1494e-06
14.42 0.0 1.1437e-06
14.44 0.0 1.138e-06
14.46 0.0 1.1324e-06
14.48 0.0 1.1267e-06
14.5 0.0 1.1211e-06
14.52 0.0 1.1155e-06
14.54 0.0 1.1099e-06
14.56 0.0 1.1044e-06
14.58 0.0 1.0988e-06
14.6 0.0 1.0933e-06
14.62 0.0 1.0878e-06
14.64 0.0 1.0824e-06
14.66 0.0 1.0769e-06
14.68 0.0 1.0715e-06
14.7 0.0 1.0661e-06
14.72 0.0 1.0607e-06
14.74 0.0 1.0554e-06
14.76 0.0 1.0501e-06
14.78 0.0 1.0448e-06
14.8 0.0 1.0395e-06
14.82 0.0 1.0342e-06
14.84 0.0 1.029e-06
14.86 0.0 1.0237e-06
14.88 0.0 1.0185e-06
