tests/resources/generated/spe_LST_2022-04-27_AP2.0e-4.ecsv
# %ECSV 1.0
# ---
# datatype:
# - {name: amplitude, datatype: float64}
# - {name: frequency (prompt), datatype: float64}
# - {name: frequency (prompt+afterpulsing), datatype: float64}
# meta: !!omap
# - comments: [Norm_spe processing of single-p.e. response., Table with 349 rows has been read from file /tmp/tmpf5gqkl2_, Scaling x axis
#       by factor 0.9942, Scaling y axis by factor 1.00811, Folding in afterpulse spectrum from file '/tmp/tmp9ey54gl_' enforcing uniform,
#     sampling of 3878 steps of size 0.010291 from 0.005145 to 39.901794., 'Afterpulse ratio (prompt x AP folded) above 3.600000 mean
#       p.e.: 0.000102', 'Mean(prompt) = 1.000, peak at 1.173 (sum=1.000)', 'Fraction of events below 10% of mean: 0.039', 'Fraction of
#       events below 20% of mean: 0.079', 'Fraction of events below 30% of mean: 0.116', 'Sqrt(Excess noise factor): 1.104, ENF = 1.219',
#     'Note: collection efficiency losses should be included in low amplitude signals.', Rebinning to 2101 uniform steps of size 0.020000
#       from 0.000000 to 42.000000.]
# - cta:
#     activity:
#       end: '2026-04-13T18:36:20+00:00'
#       id: 019d8821-5718-7771-a55b-744d8592d950
#       name: simtools-derive-photon-electron-spectrum
#       software: {name: simtools, version: 0.29.1.dev146+ge052d4262.d20260413}
#       start: '2026-04-13T18:36:20+00:00'
#       type: software
#     contact: {name: G.Maier, orcid: 0000-0001-9868-4700, organization: CTAO}
#     instrument: {class: telescopes, id: LSTN-design, site: North, type: LSTN}
#     process: {type: simulation}
#     product:
#       creation_time: '2026-04-13T18:36:20+00:00'
#       data:
#         category: SIM
#         level: R1
#         model: {name: single_pe_spectrum, url: 'https://raw.githubusercontent.com/gammasim/simtools/main/src/simtools/schemas//model_parameters/pm_photoelectron_spectrum.schema.yml',
#           version: 0.0.0}
#         type: Service
#       filename: spe_LSTN_design_2026-02-27.ecsv
#       format: ecsv
#       id: 019d8821-58e9-7c89-b46b-ca1dd9667631
#     reference: {version: 2.0.0}
# schema: astropy-2.0
amplitude "frequency (prompt)" "frequency (prompt+afterpulsing)"
[from data line 770]
15.4 0.0 2.8254e-06
15.42 0.0 2.807e-06
15.44 0.0 2.7887e-06
15.46 0.0 2.7703e-06
15.48 0.0 2.7521e-06
15.5 0.0 2.7338e-06
15.52 0.0 2.7157e-06
15.54 0.0 2.6975e-06
15.56 0.0 2.6794e-06
15.58 0.0 2.6614e-06
15.6 0.0 2.6434e-06
15.62 0.0 2.6254e-06
15.64 0.0 2.6075e-06
15.66 0.0 2.5897e-06
15.68 0.0 2.5719e-06
15.7 0.0 2.5541e-06
15.72 0.0 2.5364e-06
15.74 0.0 2.5188e-06
15.76 0.0 2.5012e-06
15.78 0.0 2.4836e-06
15.8 0.0 2.4661e-06
15.82 0.0 2.4487e-06
15.84 0.0 2.4313e-06
15.86 0.0 2.414e-06
15.88 0.0 2.3968e-06
15.9 0.0 2.3796e-06
15.92 0.0 2.3624e-06
15.94 0.0 2.3453e-06
15.96 0.0 2.3283e-06
15.98 0.0 2.3114e-06
16.0 0.0 2.2945e-06
16.02 0.0 2.2776e-06
16.04 0.0 2.2609e-06
16.06 0.0 2.2442e-06
16.08 0.0 2.2275e-06
16.1 0.0 2.2109e-06
16.12 0.0 2.1944e-06
16.14 0.0 2.178e-06
16.16 0.0 2.1616e-06
16.18 0.0 2.1453e-06
16.2 0.0 2.129e-06
16.22 0.0 2.1128e-06
16.24 0.0 2.0967e-06
16.26 0.0 2.0807e-06
16.28 0.0 2.0647e-06
16.3 0.0 2.0488e-06
16.32 0.0 2.033e-06
16.34 0.0 2.0172e-06
16.36 0.0 2.0015e-06
16.38 0.0 1.9859e-06
16.4 0.0 1.9704e-06
16.42 0.0 1.9549e-06
16.44 0.0 1.9395e-06
16.46 0.0 1.9242e-06
16.48 0.0 1.9089e-06
16.5 0.0 1.8938e-06
16.52 0.0 1.8787e-06
16.54 0.0 1.8636e-06
16.56 0.0 1.8487e-06
16.58 0.0 1.8338e-06
16.6 0.0 1.819e-06
16.62 0.0 1.8043e-06
16.64 0.0 1.7896e-06
16.66 0.0 1.7751e-06
16.68 0.0 1.7606e-06
16.7 0.0 1.7462e-06
16.72 0.0 1.7318e-06
16.74 0.0 1.7176e-06
16.76 0.0 1.7034e-06
16.78 0.0 1.6893e-06
16.8 0.0 1.6753e-06
16.82 0.0 1.6613e-06
16.84 0.0 1.6475e-06
16.86 0.0 1.6337e-06
16.88 0.0 1.62e-06
16.9 0.0 1.6063e-06
16.92 0.0 1.5928e-06
16.94 0.0 1.5793e-06
16.96 0.0 1.5659e-06
16.98 0.0 1.5526e-06
17.0 0.0 1.5394e-06
17.02 0.0 1.5262e-06
17.04 0.0 1.5132e-06
17.06 0.0 1.5002e-06
17.08 0.0 1.4873e-06
17.1 0.0 1.4745e-06
17.12 0.0 1.4617e-06
17.14 0.0 1.449e-06
17.16 0.0 1.4364e-06
17.18 0.0 1.4239e-06
17.2 0.0 1.4115e-06
17.22 0.0 1.3992e-06
17.24 0.0 1.3869e-06
17.26 0.0 1.3747e-06
17.28 0.0 1.3626e-06
17.3 0.0 1.3506e-06
17.32 0.0 1.3387e-06
17.34 0.0 1.3268e-06
17.36 0.0 1.315e-06
17.38 0.0 1.3033e-06
17.4 0.0 1.2917e-06
17.42 0.0 1.2802e-06
17.44 0.0 1.2687e-06
17.46 0.0 1.2573e-06
17.48 0.0 1.246e-06
17.5 0.0 1.2348e-06
17.52 0.0 1.2236e-06
17.54 0.0 1.2126e-06
17.56 0.0 1.2016e-06
17.58 0.0 1.1907e-06
17.6 0.0 1.1799e-06
17.62 0.0 1.1691e-06
17.64 0.0 1.1584e-06
17.66 0.0 1.1478e-06
17.68 0.0 1.1373e-06
17.7 0.0 1.1269e-06
17.72 0.0 1.1165e-06
17.74 0.0 1.1062e-06
17.76 0.0 1.096e-06
17.78 0.0 1.0859e-06
17.8 0.0 1.0759e-06
17.82 0.0 1.0659e-06
17.84 0.0 1.056e-06
17.86 0.0 1.0462e-06
17.88 0.0 1.0364e-06
17.9 0.0 1.0267e-06
17.92 0.0 1.0171e-06
17.94 0.0 1.0076e-06
17.96 0.0 9.9817e-07
17.98 0.0 9.888e-07
18.0 0.0 9.795e-07
18.02 0.0 9.7028e-07
18.04 0.0 9.6113e-07
18.06 0.0 9.5205e-07
18.08 0.0 9.4304e-07
18.1 0.0 9.3411e-07
18.12 0.0 9.2524e-07
18.14 0.0 9.1645e-07
18.16 0.0 9.0773e-07
18.18 0.0 8.9909e-07
18.2 0.0 8.9051e-07
18.22 0.0 8.8201e-07
18.24 0.0 8.7357e-07
18.26 0.0 8.6521e-07
18.28 0.0 8.5691e-07
18.3 0.0 8.4868e-07
18.32 0.0 8.4052e-07
18.34 0.0 8.3243e-07
18.36 0.0 8.2441e-07
18.38 0.0 8.1646e-07
18.4 0.0 8.0858e-07
18.42 0.0 8.0076e-07
18.44 0.0 7.9301e-07
18.46 0.0 7.8533e-07
18.48 0.0 7.7771e-07
18.5 0.0 7.7015e-07
18.52 0.0 7.6266e-07
18.54 0.0 7.5523e-07
18.56 0.0 7.4788e-07
18.58 0.0 7.4058e-07
18.6 0.0 7.3335e-07
18.62 0.0 7.2619e-07
18.64 0.0 7.1908e-07
18.66 0.0 7.1204e-07
18.68 0.0 7.0506e-07
18.7 0.0 6.9814e-07
18.72 0.0 6.9128e-07
18.74 0.0 6.8449e-07
18.76 0.0 6.7775e-07
18.78 0.0 6.7108e-07
18.8 0.0 6.6447e-07
18.82 0.0 6.5791e-07
18.84 0.0 6.5142e-07
18.86 0.0 6.4498e-07
18.88 0.0 6.386e-07
18.9 0.0 6.3228e-07
18.92 0.0 6.2601e-07
18.94 0.0 6.1981e-07
18.96 0.0 6.1366e-07
18.98 0.0 6.0757e-07
19.0 0.0 6.0153e-07
19.02 0.0 5.9555e-07
19.04 0.0 5.8963e-07
19.06 0.0 5.8376e-07
19.08 0.0 5.7794e-07
19.1 0.0 5.7217e-07
19.12 0.0 5.6646e-07
19.14 0.0 5.6081e-07
19.16 0.0 5.552e-07
19.18 0.0 5.4965e-07
19.2 0.0 5.4416e-07
19.22 0.0 5.3871e-07
19.24 0.0 5.3332e-07
19.26 0.0 5.2797e-07
19.28 0.0 5.2268e-07
19.3 0.0 5.1743e-07
19.32 0.0 5.1224e-07
19.34 0.0 5.0709e-07
19.36 0.0 5.02e-07
19.38 0.0 4.9695e-07
19.4 0.0 4.9195e-07
19.42 0.0 4.87e-07
19.44 0.0 4.821e-07
19.46 0.0 4.7724e-07
19.48 0.0 4.7243e-07
19.5 0.0 4.6767e-07
19.52 0.0 4.6295e-07
19.54 0.0 4.5828e-07
19.56 0.0 4.5365e-07
19.58 0.0 4.4907e-07
19.6 0.0 4.4453e-07
19.62 0.0 4.4004e-07
19.64 0.0 4.3559e-07
19.66 0.0 4.3118e-07
19.68 0.0 4.2682e-07
19.7 0.0 4.225e-07
19.72 0.0 4.1822e-07
19.74 0.0 4.1398e-07
19.76 0.0 4.0979e-07
19.78 0.0 4.0564e-07
19.8 0.0 4.0152e-07
19.82 0.0 3.9745e-07
19.84 0.0 3.9342e-07
19.86 0.0 3.8943e-07
19.88 0.0 3.8548e-07
19.9 0.0 3.8156e-07
19.92 0.0 3.7768e-07
19.94 0.0 3.7385e-07
19.96 0.0 3.7005e-07
19.98 0.0 3.6629e-07
20.0 0.0 3.6257e-07
20.02 0.0 3.5888e-07
20.04 0.0 3.5523e-07
20.06 0.0 3.5162e-07
20.08 0.0 3.4804e-07
20.1 0.0 3.445e-07
20.12 0.0 3.41e-07
20.14 0.0 3.3753e-07
20.16 0.0 3.3409e-07
20.18 0.0 3.3069e-07
20.2 0.0 3.2733e-07
20.22 0.0 3.2399e-07
20.24 0.0 3.207e-07
20.26 0.0 3.1743e-07
20.28 0.0 3.142e-07
20.3 0.0 3.11e-07
20.32 0.0 3.0783e-07
20.34 0.0 3.0469e-07
20.36 0.0 3.0159e-07
20.38 0.0 2.9851e-07
20.4 0.0 2.9547e-07
20.42 0.0 2.9246e-07
20.44 0.0 2.8949e-07
20.46 0.0 2.8654e-07
20.48 0.0 2.8362e-07
20.5 0.0 2.8073e-07
20.52 0.0 2.7786e-07
20.54 0.0 2.7503e-07
20.56 0.0 2.7223e-07
20.58 0.0 2.6946e-07
20.6 0.0 2.6671e-07
20.62 0.0 2.64e-07
20.64 0.0 2.6131e-07
20.66 0.0 2.5864e-07
20.68 0.0 2.5601e-07
20.7 0.0 2.534e-07
20.72 0.0 2.5082e-07
20.74 0.0 2.4826e-07
20.76 0.0 2.4574e-07
20.78 0.0 2.4323e-07
20.8 0.0 2.4076e-07
20.82 0.0 2.3831e-07
20.84 0.0 2.3588e-07
20.86 0.0 2.3348e-07
20.88 0.0 2.311e-07
20.9 0.0 2.2875e-07
20.92 0.0 2.2642e-07
20.94 0.0 2.2412e-07
20.96 0.0 2.2184e-07
20.98 0.0 2.1958e-07
21.0 0.0 2.1735e-07
21.02 0.0 2.1514e-07
21.04 0.0 2.1296e-07
21.06 0.0 2.1079e-07
21.08 0.0 2.0865e-07
21.1 0.0 2.0653e-07
21.12 0.0 2.0443e-07
21.14 0.0 2.0235e-07
21.16 0.0 2.003e-07
21.18 0.0 1.9827e-07
21.2 0.0 1.9625e-07
21.22 0.0 1.9426e-07
21.24 0.0 1.9229e-07
21.26 0.0 1.9034e-07
21.28 0.0 1.8841e-07
21.3 0.0 1.865e-07
21.32 0.0 1.8461e-07
21.34 0.0 1.8274e-07
21.36 0.0 1.8089e-07
21.38 0.0 1.7905e-07
21.4 0.0 1.7724e-07
21.42 0.0 1.7545e-07
21.44 0.0 1.7367e-07
21.46 0.0 1.7191e-07
21.48 0.0 1.7017e-07
21.5 0.0 1.6845e-07
21.52 0.0 1.6675e-07
21.54 0.0 1.6506e-07
21.56 0.0 1.634e-07
21.58 0.0 1.6175e-07
21.6 0.0 1.6011e-07
21.62 0.0 1.585e-07
21.64 0.0 1.569e-07
21.66 0.0 1.5532e-07
21.68 0.0 1.5375e-07
21.7 0.0 1.522e-07
21.72 0.0 1.5066e-07
21.74 0.0 1.4915e-07
21.76 0.0 1.4764e-07
21.78 0.0 1.4616e-07
21.8 0.0 1.4469e-07
21.82 0.0 1.4323e-07
21.84 0.0 1.4179e-07
21.86 0.0 1.4036e-07
21.88 0.0 1.3895e-07
21.9 0.0 1.3756e-07
21.92 0.0 1.3618e-07
21.94 0.0 1.3481e-07
21.96 0.0 1.3346e-07
21.98 0.0 1.3212e-07
22.0 0.0 1.3079e-07
22.02 0.0 1.2948e-07
22.04 0.0 1.2818e-07
22.06 0.0 1.269e-07
22.08 0.0 1.2563e-07
22.1 0.0 1.2437e-07
22.12 0.0 1.2313e-07
22.14 0.0 1.2189e-07
22.16 0.0 1.2068e-07
22.18 0.0 1.1947e-07
22.2 0.0 1.1828e-07
22.22 0.0 1.171e-07
22.24 0.0 1.1593e-07
22.26 0.0 1.1477e-07
22.28 0.0 1.1363e-07
22.3 0.0 1.125e-07
22.32 0.0 1.1137e-07
22.34 0.0 1.1026e-07
22.36 0.0 1.0917e-07
22.38 0.0 1.0808e-07
22.4 0.0 1.0701e-07
22.42 0.0 1.0594e-07
22.44 0.0 1.0489e-07
22.46 0.0 1.0385e-07
22.48 0.0 1.0282e-07
22.5 0.0 1.018e-07
22.52 0.0 1.0079e-07
22.54 0.0 9.9788e-08
22.56 0.0 9.88e-08
22.58 0.0 9.7822e-08
22.6 0.0 9.6853e-08
22.62 0.0 9.5895e-08
22.64 0.0 9.4947e-08
22.66 0.0 9.4009e-08
22.68 0.0 9.308e-08
22.7 0.0 9.216e-08
22.72 0.0 9.125e-08
22.74 0.0 9.035e-08
22.76 0.0 8.9459e-08
22.78 0.0 8.8578e-08
22.8 0.0 8.7705e-08
22.82 0.0 8.6842e-08
22.84 0.0 8.5987e-08
22.86 0.0 8.5142e-08
22.88 0.0 8.4305e-08
22.9 0.0 8.3476e-08
22.92 0.0 8.2656e-08
22.94 0.0 8.1845e-08
22.96 0.0 8.1042e-08
22.98 0.0 8.0247e-08
23.0 0.0 7.9461e-08
23.02 0.0 7.8683e-08
23.04 0.0 7.7913e-08
23.06 0.0 7.715e-08
23.08 0.0 7.6396e-08
23.1 0.0 7.5649e-08
23.12 0.0 7.491e-08
23.14 0.0 7.4178e-08
23.16 0.0 7.3454e-08
23.18 0.0 7.2738e-08
23.2 0.0 7.2029e-08
23.22 0.0 7.1327e-08
23.24 0.0 7.0633e-08
23.26 0.0 6.9946e-08
23.28 0.0 6.9265e-08
23.3 0.0 6.8592e-08
23.32 0.0 6.7925e-08
23.34 0.0 6.7266e-08
23.36 0.0 6.6613e-08
23.38 0.0 6.5967e-08
23.4 0.0 6.5327e-08
23.42 0.0 6.4695e-08
23.44 0.0 6.4068e-08
23.46 0.0 6.3448e-08
23.48 0.0 6.2834e-08
23.5 0.0 6.2227e-08
23.52 0.0 6.1625e-08
23.54 0.0 6.103e-08
23.56 0.0 6.0441e-08
23.58 0.0 5.9859e-08
23.6 0.0 5.9282e-08
23.62 0.0 5.8711e-08
23.64 0.0 5.8146e-08
23.66 0.0 5.7586e-08
23.68 0.0 5.7033e-08
23.7 0.0 5.6484e-08
23.72 0.0 5.5942e-08
23.74 0.0 5.5405e-08
23.76 0.0 5.4873e-08
23.78 0.0 5.4347e-08
23.8 0.0 5.3826e-08
23.82 0.0 5.3311e-08
23.84 0.0 5.2801e-08
23.86 0.0 5.2296e-08
23.88 0.0 5.1796e-08
23.9 0.0 5.1301e-08
23.92 0.0 5.0811e-08
23.94 0.0 5.0326e-08
23.96 0.0 4.9846e-08
23.98 0.0 4.9371e-08
24.0 0.0 4.8901e-08
24.02 0.0 4.8435e-08
24.04 0.0 4.7975e-08
24.06 0.0 4.7519e-08
24.08 0.0 4.7067e-08
24.1 0.0 4.662e-08
24.12 0.0 4.6177e-08
24.14 0.0 4.5739e-08
24.16 0.0 4.5306e-08
24.18 0.0 4.4877e-08
24.2 0.0 4.4452e-08
24.22 0.0 4.4032e-08
24.24 0.0 4.3615e-08
24.26 0.0 4.3203e-08
24.28 0.0 4.2795e-08
24.3 0.0 4.2391e-08
24.32 0.0 4.1991e-08
24.34 0.0 4.1595e-08
24.36 0.0 4.1204e-08
24.38 0.0 4.0816e-08
24.4 0.0 4.0432e-08
24.42 0.0 4.0052e-08
24.44 0.0 3.9676e-08
24.46 0.0 3.9303e-08
24.48 0.0 3.8934e-08
24.5 0.0 3.8569e-08
24.52 0.0 3.8207e-08
24.54 0.0 3.7849e-08
24.56 0.0 3.7495e-08
24.58 0.0 3.7144e-08
24.6 0.0 3.6797e-08
24.62 0.0 3.6454e-08
24.64 0.0 3.6113e-08
24.66 0.0 3.5776e-08
24.68 0.0 3.5443e-08
24.7 0.0 3.5112e-08
24.72 0.0 3.4785e-08
24.74 0.0 3.4462e-08
24.76 0.0 3.4141e-08
24.78 0.0 3.3824e-08
24.8 0.0 3.351e-08
24.82 0.0 3.3199e-08
24.84 0.0 3.2891e-08
24.86 0.0 3.2586e-08
24.88 0.0 3.2284e-08
24.9 0.0 3.1985e-08
24.92 0.0 3.1689e-08
24.94 0.0 3.1396e-08
24.96 0.0 3.1106e-08
24.98 0.0 3.0819e-08
25.0 0.0 3.0534e-08
25.02 0.0 3.0253e-08
25.04 0.0 2.9974e-08
25.06 0.0 2.9698e-08
25.08 0.0 2.9424e-08
25.1 0.0 2.9154e-08
25.12 0.0 2.8886e-08
25.14 0.0 2.862e-08
25.16 0.0 2.8358e-08
25.18 0.0 2.8097e-08
25.2 0.0 2.784e-08
25.22 0.0 2.7585e-08
25.24 0.0 2.7332e-08
25.26 0.0 2.7082e-08
25.28 0.0 2.6834e-08
25.3 0.0 2.6589e-08
25.32 0.0 2.6346e-08
25.34 0.0 2.6106e-08
25.36 0.0 2.5868e-08
25.38 0.0 2.5632e-08
25.4 0.0 2.5399e-08
25.42 0.0 2.5168e-08
25.44 0.0 2.4939e-08
25.46 0.0 2.4712e-08
25.48 0.0 2.4488e-08
25.5 0.0 2.4265e-08
25.52 0.0 2.4045e-08
25.54 0.0 2.3827e-08
25.56 0.0 2.3611e-08
25.58 0.0 2.3397e-08
25.6 0.0 2.3186e-08
25.62 0.0 2.2976e-08
25.64 0.0 2.2769e-08
25.66 0.0 2.2563e-08
25.68 0.0 2.2359e-08
25.7 0.0 2.2158e-08
25.72 0.0 2.1958e-08
25.74 0.0 2.176e-08
25.76 0.0 2.1564e-08
25.78 0.0 2.1371e-08
25.8 0.0 2.1179e-08
25.82 0.0 2.0988e-08
25.84 0.0 2.08e-08
25.86 0.0 2.0613e-08
25.88 0.0 2.0429e-08
25.9 0.0 2.0246e-08
25.92 0.0 2.0064e-08
25.94 0.0 1.9885e-08
25.96 0.0 1.9707e-08
25.98 0.0 1.9531e-08
26.0 0.0 1.9357e-08
26.02 0.0 1.9184e-08
26.04 0.0 1.9013e-08
26.06 0.0 1.8844e-08
26.08 0.0 1.8676e-08
26.1 0.0 1.851e-08
26.12 0.0 1.8345e-08
26.14 0.0 1.8182e-08
26.16 0.0 1.8021e-08
26.18 0.0 1.7861e-08
26.2 0.0 1.7703e-08
26.22 0.0 1.7546e-08
26.24 0.0 1.739e-08
26.26 0.0 1.7237e-08
26.28 0.0 1.7084e-08
26.3 0.0 1.6933e-08
26.32 0.0 1.6783e-08
26.34 0.0 1.6635e-08
26.36 0.0 1.6489e-08
26.38 0.0 1.6343e-08
26.4 0.0 1.6199e-08
26.42 0.0 1.6057e-08
26.44 0.0 1.5916e-08
26.46 0.0 1.5776e-08
26.48 0.0 1.5637e-08
26.5 0.0 1.55e-08
26.52 0.0 1.5364e-08
26.54 0.0 1.5229e-08
26.56 0.0 1.5096e-08
26.58 0.0 1.4964e-08
26.6 0.0 1.4833e-08
26.62 0.0 1.4703e-08
26.64 0.0 1.4575e-08
26.66 0.0 1.4448e-08
26.68 0.0 1.4322e-08
26.7 0.0 1.4197e-08
26.72 0.0 1.4073e-08
26.74 0.0 1.395e-08
26.76 0.0 1.3829e-08
26.78 0.0 1.3709e-08
26.8 0.0 1.359e-08
26.82 0.0 1.3472e-08
26.84 0.0 1.3355e-08
26.86 0.0 1.3239e-08
26.88 0.0 1.3124e-08
26.9 0.0 1.3011e-08
26.92 0.0 1.2898e-08
26.94 0.0 1.2787e-08
26.96 0.0 1.2676e-08
26.98 0.0 1.2567e-08
27.0 0.0 1.2458e-08
27.02 0.0 1.2351e-08
27.04 0.0 1.2244e-08
27.06 0.0 1.2139e-08
27.08 0.0 1.2034e-08
27.1 0.0 1.1931e-08
27.12 0.0 1.1828e-08
27.14 0.0 1.1727e-08
27.16 0.0 1.1626e-08
27.18 0.0 1.1526e-08
27.2 0.0 1.1428e-08
27.22 0.0 1.133e-08
27.24 0.0 1.1233e-08
27.26 0.0 1.1137e-08
27.28 0.0 1.1042e-08
27.3 0.0 1.0947e-08
27.32 0.0 1.0854e-08
27.34 0.0 1.0761e-08
27.36 0.0 1.0669e-08
27.38 0.0 1.0579e-08
27.4 0.0 1.0489e-08
27.42 0.0 1.0399e-08
27.44 0.0 1.0311e-08
27.46 0.0 1.0223e-08
27.48 0.0 1.0137e-08
27.5 0.0 1.0051e-08
27.52 0.0 9.9653e-09
27.54 0.0 9.8809e-09
27.56 0.0 9.7973e-09
27.58 0.0 9.7144e-09
27.6 0.0 9.6323e-09
27.62 0.0 9.5509e-09
27.64 0.0 9.4703e-09
27.66 0.0 9.3904e-09
27.68 0.0 9.3112e-09
27.7 0.0 9.2327e-09
27.72 0.0 9.1549e-09
27.74 0.0 9.0779e-09
27.76 0.0 9.0015e-09
27.78 0.0 8.9259e-09
27.8 0.0 8.8509e-09
27.82 0.0 8.7767e-09
27.84 0.0 8.7031e-09
27.86 0.0 8.6302e-09
27.88 0.0 8.5579e-09
27.9 0.0 8.4862e-09
27.92 0.0 8.4152e-09
27.94 0.0 8.3449e-09
27.96 0.0 8.2752e-09
27.98 0.0 8.2061e-09
28.0 0.0 8.1377e-09
28.02 0.0 8.0699e-09
28.04 0.0 8.0027e-09
28.06 0.0 7.9361e-09
28.08 0.0 7.87e-09
28.1 0.0 7.8046e-09
28.12 0.0 7.7397e-09
28.14 0.0 7.6755e-09
28.16 0.0 7.6118e-09
28.18 0.0 7.5487e-09
28.2 0.0 7.4862e-09
28.22 0.0 7.4242e-09
28.24 0.0 7.3628e-09
28.26 0.0 7.3019e-09
28.28 0.0 7.2416e-09
28.3 0.0 7.1818e-09
28.32 0.0 7.1225e-09
28.34 0.0 7.0638e-09
28.36 0.0 7.0056e-09
28.38 0.0 6.9479e-09
28.4 0.0 6.8907e-09
28.42 0.0 6.8341e-09
28.44 0.0 6.7779e-09
28.46 0.0 6.7223e-09
28.48 0.0 6.6671e-09
28.5 0.0 6.6124e-09
28.52 0.0 6.5582e-09
28.54 0.0 6.5045e-09
28.56 0.0 6.4512e-09
28.58 0.0 6.3985e-09
28.6 0.0 6.3462e-09
28.62 0.0 6.2944e-09
28.64 0.0 6.243e-09
28.66 0.0 6.1921e-09
28.68 0.0 6.1416e-09
28.7 0.0 6.0915e-09
28.72 0.0 6.0419e-09
28.74 0.0 5.9928e-09
28.76 0.0 5.9441e-09
28.78 0.0 5.8958e-09
28.8 0.0 5.8479e-09
28.82 0.0 5.8005e-09
28.84 0.0 5.7534e-09
28.86 0.0 5.7068e-09
28.88 0.0 5.6606e-09
28.9 0.0 5.6148e-09
28.92 0.0 5.5694e-09
28.94 0.0 5.5244e-09
28.96 0.0 5.4798e-09
28.98 0.0 5.4355e-09
29.0 0.0 5.3917e-09
29.02 0.0 5.3483e-09
29.04 0.0 5.3052e-09
29.06 0.0 5.2625e-09
29.08 0.0 5.2202e-09
29.1 0.0 5.1782e-09
29.12 0.0 5.1366e-09
29.14 0.0 5.0953e-09
29.16 0.0 5.0545e-09
29.18 0.0 5.014e-09
29.2 0.0 4.9738e-09
29.22 0.0 4.934e-09
29.24 0.0 4.8945e-09
29.26 0.0 4.8554e-09
29.28 0.0 4.8166e-09
29.3 0.0 4.7781e-09
29.32 0.0 4.74e-09
29.34 0.0 4.7022e-09
29.36 0.0 4.6647e-09
29.38 0.0 4.6276e-09
29.4 0.0 4.5908e-09
29.42 0.0 4.5543e-09
29.44 0.0 4.5181e-09
29.46 0.0 4.4822e-09
29.48 0.0 4.4466e-09
29.5 0.0 4.4113e-09
29.52 0.0 4.3763e-09
29.54 0.0 4.3417e-09
29.56 0.0 4.3073e-09
29.58 0.0 4.2732e-09
29.6 0.0 4.2395e-09
29.62 0.0 4.206e-09
29.64 0.0 4.1728e-09
29.66 0.0 4.1399e-09
29.68 0.0 4.1072e-09
29.7 0.0 4.0748e-09
29.72 0.0 4.0427e-09
29.74 0.0 4.0109e-09
29.76 0.0 3.9794e-09
29.78 0.0 3.9481e-09
29.8 0.0 3.9171e-09
29.82 0.0 3.8864e-09
29.84 0.0 3.8559e-09
29.86 0.0 3.8257e-09
29.88 0.0 3.7957e-09
29.9 0.0 3.766e-09
29.92 0.0 3.7365e-09
29.94 0.0 3.7073e-09
29.96 0.0 3.6784e-09
29.98 0.0 3.6496e-09
30.0 0.0 3.6212e-09
30.02 0.0 3.5929e-09
30.04 0.0 3.565e-09
30.06 0.0 3.5372e-09
30.08 0.0 3.5097e-09
30.1 0.0 3.4824e-09
30.12 0.0 3.4553e-09
30.14 0.0 3.4285e-09
30.16 0.0 3.4019e-09
30.18 0.0 3.3755e-09
30.2 0.0 3.3493e-09
30.22 0.0 3.3234e-09
30.24 0.0 3.2977e-09
30.26 0.0 3.2721e-09
30.28 0.0 3.2468e-09
30.3 0.0 3.2218e-09
30.32 0.0 3.1969e-09
30.34 0.0 3.1722e-09
30.36 0.0 3.1477e-09
30.38 0.0 3.1235e-09
30.4 0.0 3.0994e-09
30.42 0.0 3.0756e-09
30.44 0.0 3.052e-09
30.46 0.0 3.0285e-09
30.48 0.0 3.0052e-09
30.5 0.0 2.9822e-09
30.52 0.0 2.9593e-09
30.54 0.0 2.9366e-09
30.56 0.0 2.9141e-09
30.58 0.0 2.8918e-09
30.6 0.0 2.8697e-09
30.62 0.0 2.8477e-09
30.64 0.0 2.826e-09
30.66 0.0 2.8044e-09
30.68 0.0 2.783e-09
30.7 0.0 2.7618e-09
30.72 0.0 2.7407e-09
30.74 0.0 2.7198e-09
30.76 0.0 2.6991e-09
30.78 0.0 2.6786e-09
30.8 0.0 2.6583e-09
30.82 0.0 2.6381e-09
