data/layout/telescope_positions-North-TestLayout.ecsv
# %ECSV 1.0
# ---
# datatype:
# - {name: telescope_name, datatype: string}
# - {name: pos_x, unit: m, datatype: float64}
# - {name: pos_y, unit: m, datatype: float64}
# - {name: altitude, unit: m, datatype: float64}
# meta:
#   EPSG: 32628
#   array_name: North-1000MST
#   center_alt: !astropy.units.Quantity
#     unit: &id001 !astropy.units.Unit {unit: m}
#     value: 2158.0
#   center_easting: !astropy.units.Quantity
#     unit: *id001
#     value: .nan
#   center_lat: !astropy.units.Quantity
#     unit: &id002 !astropy.units.Unit {unit: deg}
#     value: 28.762158
#   center_lon: !astropy.units.Quantity
#     unit: *id002
#     value: -17.891571
#   center_northing: !astropy.units.Quantity
#     unit: *id001
#     value: .nan
#   corsika_obs_level: !astropy.units.Quantity
#     unit: *id001
#     value: 2158.0
#   corsika_sphere_center:
#     LST: !astropy.units.Quantity
#       unit: *id001
#       value: 16.0
#     MST: !astropy.units.Quantity
#       unit: *id001
#       value: 9.0
#     SCT: !astropy.units.Quantity
#       unit: *id001
#       value: 6.1
#     SST: !astropy.units.Quantity
#       unit: *id001
#       value: 3.25
#   corsika_sphere_radius:
#     LST: !astropy.units.Quantity
#       unit: *id001
#       value: 12.5
#     MST: !astropy.units.Quantity
#       unit: *id001
#       value: 9.15
#     SCT: !astropy.units.Quantity
#       unit: *id001
#       value: 7.15
#     SST: !astropy.units.Quantity
#       unit: *id001
#       value: 3.0
# schema: astropy-2.0
telescope_name pos_x pos_y altitude
[from data line 304]
MST-304 -235.2941176470589 -235.2941176470589 2149.0
MST-305 -235.2941176470589 -235.2941176470589 2149.0
MST-306 -235.2941176470589 -235.2941176470589 2149.0
MST-307 -235.2941176470589 -235.2941176470589 2149.0
MST-308 -235.2941176470589 -235.2941176470589 2149.0
MST-309 -235.2941176470589 -235.2941176470589 2149.0
MST-310 -235.2941176470589 -235.2941176470589 2149.0
MST-311 -235.2941176470589 -235.2941176470589 2149.0
MST-312 -235.2941176470589 -235.2941176470589 2149.0
MST-313 -235.2941176470589 -235.2941176470589 2149.0
MST-314 -235.2941176470589 -235.2941176470589 2149.0
MST-315 -235.2941176470589 -235.2941176470589 2149.0
MST-316 -235.2941176470589 -235.2941176470589 2149.0
MST-317 -235.2941176470589 -235.2941176470589 2149.0
MST-318 -235.2941176470589 -235.2941176470589 2149.0
MST-319 -235.2941176470589 -235.2941176470589 2149.0
MST-320 -235.2941176470589 -235.2941176470589 2149.0
MST-321 -235.2941176470589 -235.2941176470589 2149.0
MST-322 -235.2941176470589 -235.2941176470589 2149.0
MST-323 -235.2941176470589 -235.2941176470589 2149.0
MST-324 -235.2941176470589 -235.2941176470589 2149.0
MST-325 -235.2941176470589 -235.2941176470589 2149.0
MST-326 -235.2941176470589 -235.2941176470589 2149.0
MST-327 -235.2941176470589 -235.2941176470589 2149.0
MST-328 -235.2941176470589 -235.2941176470589 2149.0
MST-329 -235.2941176470589 -235.2941176470589 2149.0
MST-330 -235.2941176470589 -235.2941176470589 2149.0
MST-331 -235.2941176470589 -235.2941176470589 2149.0
MST-332 -176.47058823529414 -176.47058823529414 2149.0
MST-333 -176.47058823529414 -176.47058823529414 2149.0
MST-334 -176.47058823529414 -176.47058823529414 2149.0
MST-335 -176.47058823529414 -176.47058823529414 2149.0
MST-336 -176.47058823529414 -176.47058823529414 2149.0
MST-337 -176.47058823529414 -176.47058823529414 2149.0
MST-338 -176.47058823529414 -176.47058823529414 2149.0
MST-339 -176.47058823529414 -176.47058823529414 2149.0
MST-340 -176.47058823529414 -176.47058823529414 2149.0
MST-341 -176.47058823529414 -176.47058823529414 2149.0
MST-342 -176.47058823529414 -176.47058823529414 2149.0
MST-343 -176.47058823529414 -176.47058823529414 2149.0
MST-344 -176.47058823529414 -176.47058823529414 2149.0
MST-345 -176.47058823529414 -176.47058823529414 2149.0
MST-346 -176.47058823529414 -176.47058823529414 2149.0
MST-347 -176.47058823529414 -176.47058823529414 2149.0
MST-348 -176.47058823529414 -176.47058823529414 2149.0
MST-349 -176.47058823529414 -176.47058823529414 2149.0
MST-350 -176.47058823529414 -176.47058823529414 2149.0
MST-351 -176.47058823529414 -176.47058823529414 2149.0
MST-352 -176.47058823529414 -176.47058823529414 2149.0
MST-353 -176.47058823529414 -176.47058823529414 2149.0
MST-354 -176.47058823529414 -176.47058823529414 2149.0
MST-355 -176.47058823529414 -176.47058823529414 2149.0
MST-356 -176.47058823529414 -176.47058823529414 2149.0
MST-357 -176.47058823529414 -176.47058823529414 2149.0
MST-358 -176.47058823529414 -176.47058823529414 2149.0
MST-359 -176.47058823529414 -176.47058823529414 2149.0
MST-360 -176.47058823529414 -176.47058823529414 2149.0
MST-361 -176.47058823529414 -176.47058823529414 2149.0
MST-362 -176.47058823529414 -176.47058823529414 2149.0
MST-363 -176.47058823529414 -176.47058823529414 2149.0
MST-364 -176.47058823529414 -176.47058823529414 2149.0
MST-365 -117.6470588235295 -117.6470588235295 2149.0
MST-366 -117.6470588235295 -117.6470588235295 2149.0
MST-367 -117.6470588235295 -117.6470588235295 2149.0
MST-368 -117.6470588235295 -117.6470588235295 2149.0
MST-369 -117.6470588235295 -117.6470588235295 2149.0
MST-370 -117.6470588235295 -117.6470588235295 2149.0
MST-371 -117.6470588235295 -117.6470588235295 2149.0
MST-372 -117.6470588235295 -117.6470588235295 2149.0
MST-373 -117.6470588235295 -117.6470588235295 2149.0
MST-374 -117.6470588235295 -117.6470588235295 2149.0
MST-375 -117.6470588235295 -117.6470588235295 2149.0
MST-376 -117.6470588235295 -117.6470588235295 2149.0
MST-377 -117.6470588235295 -117.6470588235295 2149.0
MST-378 -117.6470588235295 -117.6470588235295 2149.0
MST-379 -117.6470588235295 -117.6470588235295 2149.0
MST-380 -117.6470588235295 -117.6470588235295 2149.0
MST-381 -117.6470588235295 -117.6470588235295 2149.0
MST-382 -117.6470588235295 -117.6470588235295 2149.0
MST-383 -117.6470588235295 -117.6470588235295 2149.0
MST-384 -117.6470588235295 -117.6470588235295 2149.0
MST-385 -117.6470588235295 -117.6470588235295 2149.0
MST-386 -117.6470588235295 -117.6470588235295 2149.0
MST-387 -117.6470588235295 -117.6470588235295 2149.0
MST-388 -117.6470588235295 -117.6470588235295 2149.0
MST-389 -117.6470588235295 -117.6470588235295 2149.0
MST-390 -117.6470588235295 -117.6470588235295 2149.0
MST-391 -117.6470588235295 -117.6470588235295 2149.0
MST-392 -117.6470588235295 -117.6470588235295 2149.0
MST-393 -117.6470588235295 -117.6470588235295 2149.0
MST-394 -117.6470588235295 -117.6470588235295 2149.0
MST-395 -117.6470588235295 -117.6470588235295 2149.0
MST-396 -117.6470588235295 -117.6470588235295 2149.0
MST-397 -117.6470588235295 -117.6470588235295 2149.0
MST-398 -58.82352941176475 -58.82352941176475 2149.0
MST-399 -58.82352941176475 -58.82352941176475 2149.0
MST-400 -58.82352941176475 -58.82352941176475 2149.0
MST-401 -58.82352941176475 -58.82352941176475 2149.0
MST-402 -58.82352941176475 -58.82352941176475 2149.0
MST-403 -58.82352941176475 -58.82352941176475 2149.0
MST-404 -58.82352941176475 -58.82352941176475 2149.0
MST-405 -58.82352941176475 -58.82352941176475 2149.0
MST-406 -58.82352941176475 -58.82352941176475 2149.0
MST-407 -58.82352941176475 -58.82352941176475 2149.0
MST-408 -58.82352941176475 -58.82352941176475 2149.0
MST-409 -58.82352941176475 -58.82352941176475 2149.0
MST-410 -58.82352941176475 -58.82352941176475 2149.0
MST-411 -58.82352941176475 -58.82352941176475 2149.0
MST-412 -58.82352941176475 -58.82352941176475 2149.0
MST-413 -58.82352941176475 -58.82352941176475 2149.0
MST-414 -58.82352941176475 -58.82352941176475 2149.0
MST-415 -58.82352941176475 -58.82352941176475 2149.0
MST-416 -58.82352941176475 -58.82352941176475 2149.0
MST-417 -58.82352941176475 -58.82352941176475 2149.0
MST-418 -58.82352941176475 -58.82352941176475 2149.0
MST-419 -58.82352941176475 -58.82352941176475 2149.0
MST-420 -58.82352941176475 -58.82352941176475 2149.0
MST-421 -58.82352941176475 -58.82352941176475 2149.0
MST-422 -58.82352941176475 -58.82352941176475 2149.0
MST-423 -58.82352941176475 -58.82352941176475 2149.0
MST-424 -58.82352941176475 -58.82352941176475 2149.0
MST-425 -58.82352941176475 -58.82352941176475 2149.0
MST-426 -58.82352941176475 -58.82352941176475 2149.0
MST-427 -58.82352941176475 -58.82352941176475 2149.0
MST-428 -58.82352941176475 -58.82352941176475 2149.0
MST-429 -58.82352941176475 -58.82352941176475 2149.0
MST-430 -58.82352941176475 -58.82352941176475 2149.0
MST-431 0.0 0.0 2149.0
MST-432 0.0 0.0 2149.0
MST-433 0.0 0.0 2149.0
MST-434 0.0 0.0 2149.0
MST-435 0.0 0.0 2149.0
MST-436 0.0 0.0 2149.0
MST-437 0.0 0.0 2149.0
MST-438 0.0 0.0 2149.0
MST-439 0.0 0.0 2149.0
MST-440 0.0 0.0 2149.0
MST-441 0.0 0.0 2149.0
MST-442 0.0 0.0 2149.0
MST-443 0.0 0.0 2149.0
MST-444 0.0 0.0 2149.0
MST-445 0.0 0.0 2149.0
MST-446 0.0 0.0 2149.0
MST-447 0.0 0.0 2149.0
MST-448 0.0 0.0 2149.0
MST-449 0.0 0.0 2149.0
MST-450 0.0 0.0 2149.0
MST-451 0.0 0.0 2149.0
MST-452 0.0 0.0 2149.0
MST-453 0.0 0.0 2149.0
MST-454 0.0 0.0 2149.0
MST-455 0.0 0.0 2149.0
MST-456 0.0 0.0 2149.0
MST-457 0.0 0.0 2149.0
MST-458 0.0 0.0 2149.0
MST-459 0.0 0.0 2149.0
MST-460 0.0 0.0 2149.0
MST-461 0.0 0.0 2149.0
MST-462 0.0 0.0 2149.0
MST-463 0.0 0.0 2149.0
MST-464 0.0 0.0 2149.0
MST-465 0.0 0.0 2149.0
MST-466 58.82352941176464 58.82352941176464 2149.0
MST-467 58.82352941176464 58.82352941176464 2149.0
MST-468 58.82352941176464 58.82352941176464 2149.0
MST-469 58.82352941176464 58.82352941176464 2149.0
MST-470 58.82352941176464 58.82352941176464 2149.0
MST-471 58.82352941176464 58.82352941176464 2149.0
MST-472 58.82352941176464 58.82352941176464 2149.0
MST-473 58.82352941176464 58.82352941176464 2149.0
MST-474 58.82352941176464 58.82352941176464 2149.0
MST-475 58.82352941176464 58.82352941176464 2149.0
MST-476 58.82352941176464 58.82352941176464 2149.0
MST-477 58.82352941176464 58.82352941176464 2149.0
MST-478 58.82352941176464 58.82352941176464 2149.0
MST-479 58.82352941176464 58.82352941176464 2149.0
MST-480 58.82352941176464 58.82352941176464 2149.0
MST-481 58.82352941176464 58.82352941176464 2149.0
MST-482 58.82352941176464 58.82352941176464 2149.0
MST-483 58.82352941176464 58.82352941176464 2149.0
MST-484 58.82352941176464 58.82352941176464 2149.0
MST-485 58.82352941176464 58.82352941176464 2149.0
MST-486 58.82352941176464 58.82352941176464 2149.0
MST-487 58.82352941176464 58.82352941176464 2149.0
MST-488 58.82352941176464 58.82352941176464 2149.0
MST-489 58.82352941176464 58.82352941176464 2149.0
MST-490 58.82352941176464 58.82352941176464 2149.0
MST-491 58.82352941176464 58.82352941176464 2149.0
MST-492 58.82352941176464 58.82352941176464 2149.0
MST-493 58.82352941176464 58.82352941176464 2149.0
MST-494 58.82352941176464 58.82352941176464 2149.0
MST-495 58.82352941176464 58.82352941176464 2149.0
MST-496 58.82352941176464 58.82352941176464 2149.0
MST-497 58.82352941176464 58.82352941176464 2149.0
MST-498 58.82352941176464 58.82352941176464 2149.0
MST-499 117.64705882352928 117.64705882352928 2149.0
MST-500 117.64705882352928 117.64705882352928 2149.0
MST-501 117.64705882352928 117.64705882352928 2149.0
MST-502 117.64705882352928 117.64705882352928 2149.0
MST-503 117.64705882352928 117.64705882352928 2149.0
MST-504 117.64705882352928 117.64705882352928 2149.0
MST-505 117.64705882352928 117.64705882352928 2149.0
MST-506 117.64705882352928 117.64705882352928 2149.0
MST-507 117.64705882352928 117.64705882352928 2149.0
MST-508 117.64705882352928 117.64705882352928 2149.0
MST-509 117.64705882352928 117.64705882352928 2149.0
MST-510 117.64705882352928 117.64705882352928 2149.0
MST-511 117.64705882352928 117.64705882352928 2149.0
MST-512 117.64705882352928 117.64705882352928 2149.0
MST-513 117.64705882352928 117.64705882352928 2149.0
MST-514 117.64705882352928 117.64705882352928 2149.0
MST-515 117.64705882352928 117.64705882352928 2149.0
MST-516 117.64705882352928 117.64705882352928 2149.0
MST-517 117.64705882352928 117.64705882352928 2149.0
MST-518 117.64705882352928 117.64705882352928 2149.0
MST-519 117.64705882352928 117.64705882352928 2149.0
MST-520 117.64705882352928 117.64705882352928 2149.0
MST-521 117.64705882352928 117.64705882352928 2149.0
MST-522 117.64705882352928 117.64705882352928 2149.0
MST-523 117.64705882352928 117.64705882352928 2149.0
MST-524 117.64705882352928 117.64705882352928 2149.0
MST-525 117.64705882352928 117.64705882352928 2149.0
MST-526 117.64705882352928 117.64705882352928 2149.0
MST-527 117.64705882352928 117.64705882352928 2149.0
MST-528 117.64705882352928 117.64705882352928 2149.0
MST-529 117.64705882352928 117.64705882352928 2149.0
MST-530 117.64705882352928 117.64705882352928 2149.0
MST-531 117.64705882352928 117.64705882352928 2149.0
MST-532 176.47058823529414 176.47058823529414 2149.0
MST-533 176.47058823529414 176.47058823529414 2149.0
MST-534 176.47058823529414 176.47058823529414 2149.0
MST-535 176.47058823529414 176.47058823529414 2149.0
MST-536 176.47058823529414 176.47058823529414 2149.0
MST-537 176.47058823529414 176.47058823529414 2149.0
MST-538 176.47058823529414 176.47058823529414 2149.0
MST-539 176.47058823529414 176.47058823529414 2149.0
MST-540 176.47058823529414 176.47058823529414 2149.0
MST-541 176.47058823529414 176.47058823529414 2149.0
MST-542 176.47058823529414 176.47058823529414 2149.0
MST-543 176.47058823529414 176.47058823529414 2149.0
MST-544 176.47058823529414 176.47058823529414 2149.0
MST-545 176.47058823529414 176.47058823529414 2149.0
MST-546 176.47058823529414 176.47058823529414 2149.0
MST-547 176.47058823529414 176.47058823529414 2149.0
MST-548 176.47058823529414 176.47058823529414 2149.0
MST-549 176.47058823529414 176.47058823529414 2149.0
MST-550 176.47058823529414 176.47058823529414 2149.0
MST-551 176.47058823529414 176.47058823529414 2149.0
MST-552 176.47058823529414 176.47058823529414 2149.0
MST-553 176.47058823529414 176.47058823529414 2149.0
MST-554 176.47058823529414 176.47058823529414 2149.0
MST-555 176.47058823529414 176.47058823529414 2149.0
MST-556 176.47058823529414 176.47058823529414 2149.0
MST-557 176.47058823529414 176.47058823529414 2149.0
MST-558 176.47058823529414 176.47058823529414 2149.0
MST-559 176.47058823529414 176.47058823529414 2149.0
MST-560 176.47058823529414 176.47058823529414 2149.0
MST-561 176.47058823529414 176.47058823529414 2149.0
MST-562 176.47058823529414 176.47058823529414 2149.0
MST-563 176.47058823529414 176.47058823529414 2149.0
MST-564 176.47058823529414 176.47058823529414 2149.0
MST-565 235.29411764705878 235.29411764705878 2149.0
MST-566 235.29411764705878 235.29411764705878 2149.0
MST-567 235.29411764705878 235.29411764705878 2149.0
MST-568 235.29411764705878 235.29411764705878 2149.0
MST-569 235.29411764705878 235.29411764705878 2149.0
MST-570 235.29411764705878 235.29411764705878 2149.0
MST-571 235.29411764705878 235.29411764705878 2149.0
MST-572 235.29411764705878 235.29411764705878 2149.0
MST-573 235.29411764705878 235.29411764705878 2149.0
MST-574 235.29411764705878 235.29411764705878 2149.0
MST-575 235.29411764705878 235.29411764705878 2149.0
MST-576 235.29411764705878 235.29411764705878 2149.0
MST-577 235.29411764705878 235.29411764705878 2149.0
MST-578 235.29411764705878 235.29411764705878 2149.0
MST-579 235.29411764705878 235.29411764705878 2149.0
MST-580 235.29411764705878 235.29411764705878 2149.0
MST-581 235.29411764705878 235.29411764705878 2149.0
MST-582 235.29411764705878 235.29411764705878 2149.0
MST-583 235.29411764705878 235.29411764705878 2149.0
MST-584 235.29411764705878 235.29411764705878 2149.0
MST-585 235.29411764705878 235.29411764705878 2149.0
MST-586 235.29411764705878 235.29411764705878 2149.0
MST-587 235.29411764705878 235.29411764705878 2149.0
MST-588 235.29411764705878 235.29411764705878 2149.0
MST-589 235.29411764705878 235.29411764705878 2149.0
MST-590 235.29411764705878 235.29411764705878 2149.0
MST-591 235.29411764705878 235.29411764705878 2149.0
MST-592 235.29411764705878 235.29411764705878 2149.0
MST-593 235.29411764705878 235.29411764705878 2149.0
MST-594 235.29411764705878 235.29411764705878 2149.0
MST-595 235.29411764705878 235.29411764705878 2149.0
MST-596 235.29411764705878 235.29411764705878 2149.0
MST-597 235.29411764705878 235.29411764705878 2149.0
MST-598 294.1176470588234 294.1176470588234 2149.0
MST-599 294.1176470588234 294.1176470588234 2149.0
MST-600 294.1176470588234 294.1176470588234 2149.0
MST-601 294.1176470588234 294.1176470588234 2149.0
MST-602 294.1176470588234 294.1176470588234 2149.0
MST-603 294.1176470588234 294.1176470588234 2149.0
MST-604 294.1176470588234 294.1176470588234 2149.0
MST-605 294.1176470588234 294.1176470588234 2149.0
MST-606 294.1176470588234 294.1176470588234 2149.0
MST-607 294.1176470588234 294.1176470588234 2149.0
MST-608 294.1176470588234 294.1176470588234 2149.0
MST-609 294.1176470588234 294.1176470588234 2149.0
MST-610 294.1176470588234 294.1176470588234 2149.0
MST-611 294.1176470588234 294.1176470588234 2149.0
MST-612 294.1176470588234 294.1176470588234 2149.0
MST-613 294.1176470588234 294.1176470588234 2149.0
MST-614 294.1176470588234 294.1176470588234 2149.0
MST-615 294.1176470588234 294.1176470588234 2149.0
MST-616 294.1176470588234 294.1176470588234 2149.0
MST-617 294.1176470588234 294.1176470588234 2149.0
MST-618 294.1176470588234 294.1176470588234 2149.0
MST-619 294.1176470588234 294.1176470588234 2149.0
MST-620 294.1176470588234 294.1176470588234 2149.0
MST-621 294.1176470588234 294.1176470588234 2149.0
MST-622 294.1176470588234 294.1176470588234 2149.0
MST-623 294.1176470588234 294.1176470588234 2149.0
MST-624 294.1176470588234 294.1176470588234 2149.0
