data/layout/telescope_positions-North-TestLayout.ecsv
# %ECSV 1.0
# ---
# datatype:
# - {name: telescope_name, datatype: string}
# - {name: pos_x, unit: m, datatype: float64}
# - {name: pos_y, unit: m, datatype: float64}
# - {name: altitude, unit: m, datatype: float64}
# meta:
#   EPSG: 32628
#   array_name: North-1000MST
#   center_alt: !astropy.units.Quantity
#     unit: &id001 !astropy.units.Unit {unit: m}
#     value: 2158.0
#   center_easting: !astropy.units.Quantity
#     unit: *id001
#     value: .nan
#   center_lat: !astropy.units.Quantity
#     unit: &id002 !astropy.units.Unit {unit: deg}
#     value: 28.762158
#   center_lon: !astropy.units.Quantity
#     unit: *id002
#     value: -17.891571
#   center_northing: !astropy.units.Quantity
#     unit: *id001
#     value: .nan
#   corsika_obs_level: !astropy.units.Quantity
#     unit: *id001
#     value: 2158.0
#   corsika_sphere_center:
#     LST: !astropy.units.Quantity
#       unit: *id001
#       value: 16.0
#     MST: !astropy.units.Quantity
#       unit: *id001
#       value: 9.0
#     SCT: !astropy.units.Quantity
#       unit: *id001
#       value: 6.1
#     SST: !astropy.units.Quantity
#       unit: *id001
#       value: 3.25
#   corsika_sphere_radius:
#     LST: !astropy.units.Quantity
#       unit: *id001
#       value: 12.5
#     MST: !astropy.units.Quantity
#       unit: *id001
#       value: 9.15
#     SCT: !astropy.units.Quantity
#       unit: *id001
#       value: 7.15
#     SST: !astropy.units.Quantity
#       unit: *id001
#       value: 3.0
# schema: astropy-2.0
telescope_name pos_x pos_y altitude
[from data line 626]
MST-626 294.1176470588234 294.1176470588234 2149.0
MST-627 294.1176470588234 294.1176470588234 2149.0
MST-628 294.1176470588234 294.1176470588234 2149.0
MST-629 294.1176470588234 294.1176470588234 2149.0
MST-630 294.1176470588234 294.1176470588234 2149.0
MST-631 352.94117647058806 352.94117647058806 2149.0
MST-632 352.94117647058806 352.94117647058806 2149.0
MST-633 352.94117647058806 352.94117647058806 2149.0
MST-634 352.94117647058806 352.94117647058806 2149.0
MST-635 352.94117647058806 352.94117647058806 2149.0
MST-636 352.94117647058806 352.94117647058806 2149.0
MST-637 352.94117647058806 352.94117647058806 2149.0
MST-638 352.94117647058806 352.94117647058806 2149.0
MST-639 352.94117647058806 352.94117647058806 2149.0
MST-640 352.94117647058806 352.94117647058806 2149.0
MST-641 352.94117647058806 352.94117647058806 2149.0
MST-642 352.94117647058806 352.94117647058806 2149.0
MST-643 352.94117647058806 352.94117647058806 2149.0
MST-644 352.94117647058806 352.94117647058806 2149.0
MST-645 352.94117647058806 352.94117647058806 2149.0
MST-646 352.94117647058806 352.94117647058806 2149.0
MST-647 352.94117647058806 352.94117647058806 2149.0
MST-648 352.94117647058806 352.94117647058806 2149.0
MST-649 352.94117647058806 352.94117647058806 2149.0
MST-650 352.94117647058806 352.94117647058806 2149.0
MST-651 352.94117647058806 352.94117647058806 2149.0
MST-652 352.94117647058806 352.94117647058806 2149.0
MST-653 352.94117647058806 352.94117647058806 2149.0
MST-654 352.94117647058806 352.94117647058806 2149.0
MST-655 352.94117647058806 352.94117647058806 2149.0
MST-656 352.94117647058806 352.94117647058806 2149.0
MST-657 352.94117647058806 352.94117647058806 2149.0
MST-658 352.94117647058806 352.94117647058806 2149.0
MST-659 352.94117647058806 352.94117647058806 2149.0
MST-660 352.94117647058806 352.94117647058806 2149.0
MST-661 352.94117647058806 352.94117647058806 2149.0
MST-662 411.7647058823529 411.7647058823529 2149.0
MST-663 411.7647058823529 411.7647058823529 2149.0
MST-664 411.7647058823529 411.7647058823529 2149.0
MST-665 411.7647058823529 411.7647058823529 2149.0
MST-666 411.7647058823529 411.7647058823529 2149.0
MST-667 411.7647058823529 411.7647058823529 2149.0
MST-668 411.7647058823529 411.7647058823529 2149.0
MST-669 411.7647058823529 411.7647058823529 2149.0
MST-670 411.7647058823529 411.7647058823529 2149.0
MST-671 411.7647058823529 411.7647058823529 2149.0
MST-672 411.7647058823529 411.7647058823529 2149.0
MST-673 411.7647058823529 411.7647058823529 2149.0
MST-674 411.7647058823529 411.7647058823529 2149.0
MST-675 411.7647058823529 411.7647058823529 2149.0
MST-676 411.7647058823529 411.7647058823529 2149.0
MST-677 411.7647058823529 411.7647058823529 2149.0
MST-678 411.7647058823529 411.7647058823529 2149.0
MST-679 411.7647058823529 411.7647058823529 2149.0
MST-680 411.7647058823529 411.7647058823529 2149.0
MST-681 411.7647058823529 411.7647058823529 2149.0
MST-682 411.7647058823529 411.7647058823529 2149.0
MST-683 411.7647058823529 411.7647058823529 2149.0
MST-684 411.7647058823529 411.7647058823529 2149.0
MST-685 411.7647058823529 411.7647058823529 2149.0
MST-686 411.7647058823529 411.7647058823529 2149.0
MST-687 411.7647058823529 411.7647058823529 2149.0
MST-688 411.7647058823529 411.7647058823529 2149.0
MST-689 411.7647058823529 411.7647058823529 2149.0
MST-690 411.7647058823529 411.7647058823529 2149.0
MST-691 411.7647058823529 411.7647058823529 2149.0
MST-692 411.7647058823529 411.7647058823529 2149.0
MST-693 470.58823529411757 470.58823529411757 2149.0
MST-694 470.58823529411757 470.58823529411757 2149.0
MST-695 470.58823529411757 470.58823529411757 2149.0
MST-696 470.58823529411757 470.58823529411757 2149.0
MST-697 470.58823529411757 470.58823529411757 2149.0
MST-698 470.58823529411757 470.58823529411757 2149.0
MST-699 470.58823529411757 470.58823529411757 2149.0
MST-700 470.58823529411757 470.58823529411757 2149.0
MST-701 470.58823529411757 470.58823529411757 2149.0
MST-702 470.58823529411757 470.58823529411757 2149.0
MST-703 470.58823529411757 470.58823529411757 2149.0
MST-704 470.58823529411757 470.58823529411757 2149.0
MST-705 470.58823529411757 470.58823529411757 2149.0
MST-706 470.58823529411757 470.58823529411757 2149.0
MST-707 470.58823529411757 470.58823529411757 2149.0
MST-708 470.58823529411757 470.58823529411757 2149.0
MST-709 470.58823529411757 470.58823529411757 2149.0
MST-710 470.58823529411757 470.58823529411757 2149.0
MST-711 470.58823529411757 470.58823529411757 2149.0
MST-712 470.58823529411757 470.58823529411757 2149.0
MST-713 470.58823529411757 470.58823529411757 2149.0
MST-714 470.58823529411757 470.58823529411757 2149.0
MST-715 470.58823529411757 470.58823529411757 2149.0
MST-716 470.58823529411757 470.58823529411757 2149.0
MST-717 470.58823529411757 470.58823529411757 2149.0
MST-718 470.58823529411757 470.58823529411757 2149.0
MST-719 470.58823529411757 470.58823529411757 2149.0
MST-720 470.58823529411757 470.58823529411757 2149.0
MST-721 470.58823529411757 470.58823529411757 2149.0
MST-722 470.58823529411757 470.58823529411757 2149.0
MST-723 470.58823529411757 470.58823529411757 2149.0
MST-724 529.4117647058822 529.4117647058822 2149.0
MST-725 529.4117647058822 529.4117647058822 2149.0
MST-726 529.4117647058822 529.4117647058822 2149.0
MST-727 529.4117647058822 529.4117647058822 2149.0
MST-728 529.4117647058822 529.4117647058822 2149.0
MST-729 529.4117647058822 529.4117647058822 2149.0
MST-730 529.4117647058822 529.4117647058822 2149.0
MST-731 529.4117647058822 529.4117647058822 2149.0
MST-732 529.4117647058822 529.4117647058822 2149.0
MST-733 529.4117647058822 529.4117647058822 2149.0
MST-734 529.4117647058822 529.4117647058822 2149.0
MST-735 529.4117647058822 529.4117647058822 2149.0
MST-736 529.4117647058822 529.4117647058822 2149.0
MST-737 529.4117647058822 529.4117647058822 2149.0
MST-738 529.4117647058822 529.4117647058822 2149.0
MST-739 529.4117647058822 529.4117647058822 2149.0
MST-740 529.4117647058822 529.4117647058822 2149.0
MST-741 529.4117647058822 529.4117647058822 2149.0
MST-742 529.4117647058822 529.4117647058822 2149.0
MST-743 529.4117647058822 529.4117647058822 2149.0
MST-744 529.4117647058822 529.4117647058822 2149.0
MST-745 529.4117647058822 529.4117647058822 2149.0
MST-746 529.4117647058822 529.4117647058822 2149.0
MST-747 529.4117647058822 529.4117647058822 2149.0
MST-748 529.4117647058822 529.4117647058822 2149.0
MST-749 529.4117647058822 529.4117647058822 2149.0
MST-750 529.4117647058822 529.4117647058822 2149.0
MST-751 529.4117647058822 529.4117647058822 2149.0
MST-752 529.4117647058822 529.4117647058822 2149.0
MST-753 588.2352941176471 588.2352941176471 2149.0
MST-754 588.2352941176471 588.2352941176471 2149.0
MST-755 588.2352941176471 588.2352941176471 2149.0
MST-756 588.2352941176471 588.2352941176471 2149.0
MST-757 588.2352941176471 588.2352941176471 2149.0
MST-758 588.2352941176471 588.2352941176471 2149.0
MST-759 588.2352941176471 588.2352941176471 2149.0
MST-760 588.2352941176471 588.2352941176471 2149.0
MST-761 588.2352941176471 588.2352941176471 2149.0
MST-762 588.2352941176471 588.2352941176471 2149.0
MST-763 588.2352941176471 588.2352941176471 2149.0
MST-764 588.2352941176471 588.2352941176471 2149.0
MST-765 588.2352941176471 588.2352941176471 2149.0
MST-766 588.2352941176471 588.2352941176471 2149.0
MST-767 588.2352941176471 588.2352941176471 2149.0
MST-768 588.2352941176471 588.2352941176471 2149.0
MST-769 588.2352941176471 588.2352941176471 2149.0
MST-770 588.2352941176471 588.2352941176471 2149.0
MST-771 588.2352941176471 588.2352941176471 2149.0
MST-772 588.2352941176471 588.2352941176471 2149.0
MST-773 588.2352941176471 588.2352941176471 2149.0
MST-774 588.2352941176471 588.2352941176471 2149.0
MST-775 588.2352941176471 588.2352941176471 2149.0
MST-776 588.2352941176471 588.2352941176471 2149.0
MST-777 588.2352941176471 588.2352941176471 2149.0
MST-778 588.2352941176471 588.2352941176471 2149.0
MST-779 588.2352941176471 588.2352941176471 2149.0
MST-780 647.0588235294117 647.0588235294117 2149.0
MST-781 647.0588235294117 647.0588235294117 2149.0
MST-782 647.0588235294117 647.0588235294117 2149.0
MST-783 647.0588235294117 647.0588235294117 2149.0
MST-784 647.0588235294117 647.0588235294117 2149.0
MST-785 647.0588235294117 647.0588235294117 2149.0
MST-786 647.0588235294117 647.0588235294117 2149.0
MST-787 647.0588235294117 647.0588235294117 2149.0
MST-788 647.0588235294117 647.0588235294117 2149.0
MST-789 647.0588235294117 647.0588235294117 2149.0
MST-790 647.0588235294117 647.0588235294117 2149.0
MST-791 647.0588235294117 647.0588235294117 2149.0
MST-792 647.0588235294117 647.0588235294117 2149.0
MST-793 647.0588235294117 647.0588235294117 2149.0
MST-794 647.0588235294117 647.0588235294117 2149.0
MST-795 647.0588235294117 647.0588235294117 2149.0
MST-796 647.0588235294117 647.0588235294117 2149.0
MST-797 647.0588235294117 647.0588235294117 2149.0
MST-798 647.0588235294117 647.0588235294117 2149.0
MST-799 647.0588235294117 647.0588235294117 2149.0
MST-800 647.0588235294117 647.0588235294117 2149.0
MST-801 647.0588235294117 647.0588235294117 2149.0
MST-802 647.0588235294117 647.0588235294117 2149.0
MST-803 647.0588235294117 647.0588235294117 2149.0
MST-804 647.0588235294117 647.0588235294117 2149.0
MST-805 705.8823529411764 705.8823529411764 2149.0
MST-806 705.8823529411764 705.8823529411764 2149.0
MST-807 705.8823529411764 705.8823529411764 2149.0
MST-808 705.8823529411764 705.8823529411764 2149.0
MST-809 705.8823529411764 705.8823529411764 2149.0
MST-810 705.8823529411764 705.8823529411764 2149.0
MST-811 705.8823529411764 705.8823529411764 2149.0
MST-812 705.8823529411764 705.8823529411764 2149.0
MST-813 705.8823529411764 705.8823529411764 2149.0
MST-814 705.8823529411764 705.8823529411764 2149.0
MST-815 705.8823529411764 705.8823529411764 2149.0
MST-816 705.8823529411764 705.8823529411764 2149.0
MST-817 705.8823529411764 705.8823529411764 2149.0
MST-818 705.8823529411764 705.8823529411764 2149.0
MST-819 705.8823529411764 705.8823529411764 2149.0
MST-820 705.8823529411764 705.8823529411764 2149.0
MST-821 705.8823529411764 705.8823529411764 2149.0
MST-822 705.8823529411764 705.8823529411764 2149.0
MST-823 705.8823529411764 705.8823529411764 2149.0
MST-824 705.8823529411764 705.8823529411764 2149.0
MST-825 705.8823529411764 705.8823529411764 2149.0
MST-826 705.8823529411764 705.8823529411764 2149.0
MST-827 705.8823529411764 705.8823529411764 2149.0
MST-828 705.8823529411764 705.8823529411764 2149.0
MST-829 705.8823529411764 705.8823529411764 2149.0
MST-830 764.705882352941 764.705882352941 2149.0
MST-831 764.705882352941 764.705882352941 2149.0
MST-832 764.705882352941 764.705882352941 2149.0
MST-833 764.705882352941 764.705882352941 2149.0
MST-834 764.705882352941 764.705882352941 2149.0
MST-835 764.705882352941 764.705882352941 2149.0
MST-836 764.705882352941 764.705882352941 2149.0
MST-837 764.705882352941 764.705882352941 2149.0
MST-838 764.705882352941 764.705882352941 2149.0
MST-839 764.705882352941 764.705882352941 2149.0
MST-840 764.705882352941 764.705882352941 2149.0
MST-841 764.705882352941 764.705882352941 2149.0
MST-842 764.705882352941 764.705882352941 2149.0
MST-843 764.705882352941 764.705882352941 2149.0
MST-844 764.705882352941 764.705882352941 2149.0
MST-845 764.705882352941 764.705882352941 2149.0
MST-846 764.705882352941 764.705882352941 2149.0
MST-847 764.705882352941 764.705882352941 2149.0
MST-848 764.705882352941 764.705882352941 2149.0
MST-849 764.705882352941 764.705882352941 2149.0
MST-850 764.705882352941 764.705882352941 2149.0
MST-851 823.5294117647059 823.5294117647059 2149.0
MST-852 823.5294117647059 823.5294117647059 2149.0
MST-853 823.5294117647059 823.5294117647059 2149.0
MST-854 823.5294117647059 823.5294117647059 2149.0
MST-855 823.5294117647059 823.5294117647059 2149.0
MST-856 823.5294117647059 823.5294117647059 2149.0
MST-857 823.5294117647059 823.5294117647059 2149.0
MST-858 823.5294117647059 823.5294117647059 2149.0
MST-859 823.5294117647059 823.5294117647059 2149.0
MST-860 823.5294117647059 823.5294117647059 2149.0
MST-861 823.5294117647059 823.5294117647059 2149.0
MST-862 823.5294117647059 823.5294117647059 2149.0
MST-863 823.5294117647059 823.5294117647059 2149.0
MST-864 823.5294117647059 823.5294117647059 2149.0
MST-865 823.5294117647059 823.5294117647059 2149.0
MST-866 823.5294117647059 823.5294117647059 2149.0
MST-867 823.5294117647059 823.5294117647059 2149.0
MST-868 823.5294117647059 823.5294117647059 2149.0
MST-869 823.5294117647059 823.5294117647059 2149.0
MST-870 882.3529411764705 882.3529411764705 2149.0
MST-871 882.3529411764705 882.3529411764705 2149.0
MST-872 882.3529411764705 882.3529411764705 2149.0
MST-873 882.3529411764705 882.3529411764705 2149.0
MST-874 882.3529411764705 882.3529411764705 2149.0
MST-875 882.3529411764705 882.3529411764705 2149.0
MST-876 882.3529411764705 882.3529411764705 2149.0
MST-877 882.3529411764705 882.3529411764705 2149.0
MST-878 882.3529411764705 882.3529411764705 2149.0
MST-879 882.3529411764705 882.3529411764705 2149.0
MST-880 882.3529411764705 882.3529411764705 2149.0
MST-881 882.3529411764705 882.3529411764705 2149.0
MST-882 882.3529411764705 882.3529411764705 2149.0
MST-883 882.3529411764705 882.3529411764705 2149.0
MST-884 882.3529411764705 882.3529411764705 2149.0
MST-885 882.3529411764705 882.3529411764705 2149.0
MST-886 882.3529411764705 882.3529411764705 2149.0
MST-887 941.1764705882351 941.1764705882351 2149.0
MST-888 941.1764705882351 941.1764705882351 2149.0
MST-889 941.1764705882351 941.1764705882351 2149.0
MST-890 941.1764705882351 941.1764705882351 2149.0
MST-891 941.1764705882351 941.1764705882351 2149.0
MST-892 941.1764705882351 941.1764705882351 2149.0
MST-893 941.1764705882351 941.1764705882351 2149.0
MST-894 941.1764705882351 941.1764705882351 2149.0
MST-895 941.1764705882351 941.1764705882351 2149.0
MST-896 941.1764705882351 941.1764705882351 2149.0
MST-897 941.1764705882351 941.1764705882351 2149.0
MST-898 1000.0 1000.0 2149.0
