data/layout/telescope_positions-South-Prod5.ecsv
# %ECSV 0.9
# ---
# datatype:
# - {name: telescope_name, datatype: string, description: common telescope name}
# - {name: pos_x, unit: m, datatype: float32, description: telescope position towards North relative to MST01 (central MST)}
# - {name: pos_y, unit: m, datatype: float32, description: telescope position towards West relative to MST01 (central MST)}
# - {name: pos_z, unit: m, datatype: float32, description: telescope position (centre of sphere) upwards relative to NNN}
# meta: !!omap
# - data_type: positionfile
# - description: "telescope positions for CTA South (Paranal)"
# - center_lon: "-70.316345 deg"
# - center_lat: "-24.683429 deg"
# - center_alt: "2162.35 m"
# - center_northing: "7269466.0 m"
# - center_easting: "366822.0 m"
# - corsika_obs_level: "2147 m"
# - corsika_sphere_radius: {LST: 12.5 m, MST: 9.6 m, SST: 3 m}
# - corsika_sphere_center: {LST: 16 m, MST: 9 m, SST: 3.25 m}
# - EPSG: 32719
# - comments: |
#       version 0.1
#       UTM Zone 19 (S)
#       prod5
telescope_name    pos_x    pos_y   pos_z
L-01      -20.643       -64.817      34.30
L-02       79.994        -0.768      29.40
L-03      -19.396        65.200      31.00
L-04     -120.033         1.151      33.10
M-01       -0.017        -0.001      24.35
M-02       -1.468      -151.221      31.00
M-03       -3.138      -325.245      39.00
M-04        1.434       151.220      25.00
M-05        3.104       325.243      23.50
M-06      156.493       237.052      24.00
M-07      147.428        74.202      21.00
M-08      145.977       -77.019      26.00
M-09      151.915      -240.013      30.00
M-10     -151.949       240.011      27.00
M-11     -146.011        77.017      28.00
M-12     -147.462       -74.203      28.00
M-13     -156.527      -237.053      38.50
M-14      295.343       447.467      25.00
M-15      317.086       159.593      18.50
M-16      308.425        -2.960      19.50
M-17      313.965      -165.650      22.50
M-18      286.702      -453.054      38.50
M-19     -286.835       453.054      17.00
M-20     -313.599       165.646      30.50
M-21     -308.459         2.959      29.50
M-22     -316.720      -159.598      35.00
M-23     -295.477      -447.468      52.00
M-24      582.262        -5.588      13.50
M-25     -582.296         5.587      36.00
S-01      207.036       156.949      14.25
S-02      203.986      -160.894      19.75
S-03     -204.020       160.893      22.25
S-04     -207.070      -156.950      28.25
S-05      168.882       423.275      18.25
S-06      160.729      -426.440      33.25
S-07     -160.762       426.438      10.25
S-08     -168.916      -423.277      42.25
S-09        4.972       519.869      11.75
S-10       -5.006      -519.871      41.25
S-11      395.510       399.996      11.25
S-12      387.762      -407.513      28.25
S-13     -387.795       407.512      13.25
S-14     -395.545      -399.997      50.25
S-15      495.605       105.269       9.25
S-16      493.494      -114.761      11.75
S-17     -493.528       114.760      28.25
S-18     -495.640      -105.269      30.25
S-19        6.927       723.596      11.75
S-20       -6.961      -723.599      59.75
S-21      621.223       312.711       7.25
S-22      615.114      -324.075      19.25
S-23     -615.142       324.575      19.75
S-24     -621.259      -312.711      49.25
S-25      441.802       669.112      30.25
S-26      428.882      -677.470      47.25
S-27     -428.914       677.467       7.25
S-28     -441.838      -669.114      70.25
S-29      820.094        -7.869       4.25
S-30     -820.128         7.870      30.75
S-31      228.460       794.887      25.25
S-32      213.165      -799.128      56.25
S-33     -213.198       799.125      10.25
S-34     -228.495      -794.890      68.25
S-35        9.046       944.425      27.25
S-36       -9.080      -944.430      75.25
S-37      668.034       562.918      13.25
S-38      657.111      -575.635      43.25
S-39     -657.142       575.635       8.25
S-40     -668.070      -562.919      66.25
S-41      885.687       219.253       6.25
S-42      881.318      -236.208       9.25
S-43     -881.350       236.210      24.25
S-44     -885.722      -219.252      42.25
S-45      920.537       463.474      12.75
S-46      911.476      -481.054      26.25
S-47     -911.507       481.054      11.25
S-48     -920.574      -463.473      59.25
S-49      480.366       966.809      56.25
S-50      461.727      -975.853      65.75
S-51     -461.758       975.849      16.75
S-52     -480.403      -966.813      87.25
S-53      714.732       843.133      49.25
S-54      698.425      -856.696      53.75
S-55     -698.455       856.694      14.75
S-56     -714.770      -843.135      84.75
S-57     1100.131       -10.556       3.75
S-58    -1100.165        10.558      27.75
S-59      249.865      1107.552      55.25
S-60      228.566     -1112.148      77.75
S-61     -227.398      1112.131      25.25
S-62     -249.900     -1107.557      89.25
S-63      964.010       730.717      27.25
S-64      949.814      -749.083      46.25
S-65     -949.844       749.082      17.25
S-66     -964.048      -730.717      83.25
S-67     1199.684       357.573      10.25
S-68     1192.605      -380.527      19.25
S-69    -1192.635       380.530      12.75
S-70    -1199.721      -357.570      47.25
