data/layout/telescope_positions-North-TestLayout.ecsv
# %ECSV 1.0
# ---
# datatype:
# - {name: telescope_name, datatype: string}
# - {name: pos_x, unit: m, datatype: float64}
# - {name: pos_y, unit: m, datatype: float64}
# - {name: altitude, unit: m, datatype: float64}
# meta:
#   EPSG: 32628
#   array_name: North-1000MST
#   center_alt: !astropy.units.Quantity
#     unit: &id001 !astropy.units.Unit {unit: m}
#     value: 2158.0
#   center_easting: !astropy.units.Quantity
#     unit: *id001
#     value: .nan
#   center_lat: !astropy.units.Quantity
#     unit: &id002 !astropy.units.Unit {unit: deg}
#     value: 28.762158
#   center_lon: !astropy.units.Quantity
#     unit: *id002
#     value: -17.891571
#   center_northing: !astropy.units.Quantity
#     unit: *id001
#     value: .nan
#   corsika_obs_level: !astropy.units.Quantity
#     unit: *id001
#     value: 2158.0
#   corsika_sphere_center:
#     LST: !astropy.units.Quantity
#       unit: *id001
#       value: 16.0
#     MST: !astropy.units.Quantity
#       unit: *id001
#       value: 9.0
#     SCT: !astropy.units.Quantity
#       unit: *id001
#       value: 6.1
#     SST: !astropy.units.Quantity
#       unit: *id001
#       value: 3.25
#   corsika_sphere_radius:
#     LST: !astropy.units.Quantity
#       unit: *id001
#       value: 12.5
#     MST: !astropy.units.Quantity
#       unit: *id001
#       value: 9.15
#     SCT: !astropy.units.Quantity
#       unit: *id001
#       value: 7.15
#     SST: !astropy.units.Quantity
#       unit: *id001
#       value: 3.0
# schema: astropy-2.0
telescope_name pos_x pos_y altitude
MST-0 -1000.0 -1000.0 2149.0
MST-1 -941.1764705882352 -941.1764705882352 2149.0
MST-2 -941.1764705882352 -941.1764705882352 2149.0
MST-3 -941.1764705882352 -941.1764705882352 2149.0
MST-4 -941.1764705882352 -941.1764705882352 2149.0
MST-5 -941.1764705882352 -941.1764705882352 2149.0
MST-6 -941.1764705882352 -941.1764705882352 2149.0
MST-7 -941.1764705882352 -941.1764705882352 2149.0
MST-8 -941.1764705882352 -941.1764705882352 2149.0
MST-9 -941.1764705882352 -941.1764705882352 2149.0
MST-10 -941.1764705882352 -941.1764705882352 2149.0
MST-11 -941.1764705882352 -941.1764705882352 2149.0
MST-12 -882.3529411764706 -882.3529411764706 2149.0
MST-13 -882.3529411764706 -882.3529411764706 2149.0
MST-14 -882.3529411764706 -882.3529411764706 2149.0
MST-15 -882.3529411764706 -882.3529411764706 2149.0
MST-16 -882.3529411764706 -882.3529411764706 2149.0
MST-17 -882.3529411764706 -882.3529411764706 2149.0
MST-18 -882.3529411764706 -882.3529411764706 2149.0
MST-19 -882.3529411764706 -882.3529411764706 2149.0
MST-20 -882.3529411764706 -882.3529411764706 2149.0
MST-21 -882.3529411764706 -882.3529411764706 2149.0
MST-22 -882.3529411764706 -882.3529411764706 2149.0
MST-23 -882.3529411764706 -882.3529411764706 2149.0
MST-24 -882.3529411764706 -882.3529411764706 2149.0
MST-25 -882.3529411764706 -882.3529411764706 2149.0
MST-26 -882.3529411764706 -882.3529411764706 2149.0
MST-27 -882.3529411764706 -882.3529411764706 2149.0
MST-28 -823.5294117647059 -823.5294117647059 2149.0
MST-29 -823.5294117647059 -823.5294117647059 2149.0
MST-30 -823.5294117647059 -823.5294117647059 2149.0
MST-31 -823.5294117647059 -823.5294117647059 2149.0
MST-32 -823.5294117647059 -823.5294117647059 2149.0
MST-33 -823.5294117647059 -823.5294117647059 2149.0
MST-34 -823.5294117647059 -823.5294117647059 2149.0
MST-35 -823.5294117647059 -823.5294117647059 2149.0
MST-36 -823.5294117647059 -823.5294117647059 2149.0
MST-37 -823.5294117647059 -823.5294117647059 2149.0
MST-38 -823.5294117647059 -823.5294117647059 2149.0
MST-39 -823.5294117647059 -823.5294117647059 2149.0
MST-40 -823.5294117647059 -823.5294117647059 2149.0
MST-41 -823.5294117647059 -823.5294117647059 2149.0
MST-42 -823.5294117647059 -823.5294117647059 2149.0
MST-43 -823.5294117647059 -823.5294117647059 2149.0
MST-44 -823.5294117647059 -823.5294117647059 2149.0
MST-45 -823.5294117647059 -823.5294117647059 2149.0
MST-46 -823.5294117647059 -823.5294117647059 2149.0
MST-47 -764.7058823529412 -764.7058823529412 2149.0
MST-48 -764.7058823529412 -764.7058823529412 2149.0
MST-49 -764.7058823529412 -764.7058823529412 2149.0
MST-50 -764.7058823529412 -764.7058823529412 2149.0
MST-51 -764.7058823529412 -764.7058823529412 2149.0
MST-52 -764.7058823529412 -764.7058823529412 2149.0
MST-53 -764.7058823529412 -764.7058823529412 2149.0
MST-54 -764.7058823529412 -764.7058823529412 2149.0
MST-55 -764.7058823529412 -764.7058823529412 2149.0
MST-56 -764.7058823529412 -764.7058823529412 2149.0
MST-57 -764.7058823529412 -764.7058823529412 2149.0
MST-58 -764.7058823529412 -764.7058823529412 2149.0
MST-59 -764.7058823529412 -764.7058823529412 2149.0
MST-60 -764.7058823529412 -764.7058823529412 2149.0
MST-61 -764.7058823529412 -764.7058823529412 2149.0
MST-62 -764.7058823529412 -764.7058823529412 2149.0
MST-63 -764.7058823529412 -764.7058823529412 2149.0
MST-64 -764.7058823529412 -764.7058823529412 2149.0
MST-65 -764.7058823529412 -764.7058823529412 2149.0
MST-66 -764.7058823529412 -764.7058823529412 2149.0
MST-67 -764.7058823529412 -764.7058823529412 2149.0
MST-68 -705.8823529411765 -705.8823529411765 2149.0
MST-69 -705.8823529411765 -705.8823529411765 2149.0
MST-70 -705.8823529411765 -705.8823529411765 2149.0
MST-71 -705.8823529411765 -705.8823529411765 2149.0
MST-72 -705.8823529411765 -705.8823529411765 2149.0
MST-73 -705.8823529411765 -705.8823529411765 2149.0
MST-74 -705.8823529411765 -705.8823529411765 2149.0
MST-75 -705.8823529411765 -705.8823529411765 2149.0
MST-76 -705.8823529411765 -705.8823529411765 2149.0
MST-77 -705.8823529411765 -705.8823529411765 2149.0
MST-78 -705.8823529411765 -705.8823529411765 2149.0
MST-79 -705.8823529411765 -705.8823529411765 2149.0
MST-80 -705.8823529411765 -705.8823529411765 2149.0
MST-81 -705.8823529411765 -705.8823529411765 2149.0
MST-82 -705.8823529411765 -705.8823529411765 2149.0
MST-83 -705.8823529411765 -705.8823529411765 2149.0
MST-84 -705.8823529411765 -705.8823529411765 2149.0
MST-85 -705.8823529411765 -705.8823529411765 2149.0
MST-86 -705.8823529411765 -705.8823529411765 2149.0
MST-87 -705.8823529411765 -705.8823529411765 2149.0
MST-88 -705.8823529411765 -705.8823529411765 2149.0
MST-89 -705.8823529411765 -705.8823529411765 2149.0
MST-90 -705.8823529411765 -705.8823529411765 2149.0
MST-91 -705.8823529411765 -705.8823529411765 2149.0
MST-92 -705.8823529411765 -705.8823529411765 2149.0
MST-93 -647.0588235294117 -647.0588235294117 2149.0
MST-94 -647.0588235294117 -647.0588235294117 2149.0
MST-95 -647.0588235294117 -647.0588235294117 2149.0
MST-96 -647.0588235294117 -647.0588235294117 2149.0
MST-97 -647.0588235294117 -647.0588235294117 2149.0
MST-98 -647.0588235294117 -647.0588235294117 2149.0
MST-99 -647.0588235294117 -647.0588235294117 2149.0
MST-100 -647.0588235294117 -647.0588235294117 2149.0
MST-101 -647.0588235294117 -647.0588235294117 2149.0
MST-102 -647.0588235294117 -647.0588235294117 2149.0
MST-103 -647.0588235294117 -647.0588235294117 2149.0
MST-104 -647.0588235294117 -647.0588235294117 2149.0
MST-105 -647.0588235294117 -647.0588235294117 2149.0
MST-106 -647.0588235294117 -647.0588235294117 2149.0
MST-107 -647.0588235294117 -647.0588235294117 2149.0
MST-108 -647.0588235294117 -647.0588235294117 2149.0
MST-109 -647.0588235294117 -647.0588235294117 2149.0
MST-110 -647.0588235294117 -647.0588235294117 2149.0
MST-111 -647.0588235294117 -647.0588235294117 2149.0
MST-112 -647.0588235294117 -647.0588235294117 2149.0
MST-113 -647.0588235294117 -647.0588235294117 2149.0
MST-114 -647.0588235294117 -647.0588235294117 2149.0
MST-115 -647.0588235294117 -647.0588235294117 2149.0
MST-116 -647.0588235294117 -647.0588235294117 2149.0
MST-117 -647.0588235294117 -647.0588235294117 2149.0
MST-118 -588.2352941176471 -588.2352941176471 2149.0
MST-119 -588.2352941176471 -588.2352941176471 2149.0
MST-120 -588.2352941176471 -588.2352941176471 2149.0
MST-121 -588.2352941176471 -588.2352941176471 2149.0
MST-122 -588.2352941176471 -588.2352941176471 2149.0
MST-123 -588.2352941176471 -588.2352941176471 2149.0
MST-124 -588.2352941176471 -588.2352941176471 2149.0
MST-125 -588.2352941176471 -588.2352941176471 2149.0
MST-126 -588.2352941176471 -588.2352941176471 2149.0
MST-127 -588.2352941176471 -588.2352941176471 2149.0
MST-128 -588.2352941176471 -588.2352941176471 2149.0
MST-129 -588.2352941176471 -588.2352941176471 2149.0
MST-130 -588.2352941176471 -588.2352941176471 2149.0
MST-131 -588.2352941176471 -588.2352941176471 2149.0
MST-132 -588.2352941176471 -588.2352941176471 2149.0
MST-133 -588.2352941176471 -588.2352941176471 2149.0
MST-134 -588.2352941176471 -588.2352941176471 2149.0
MST-135 -588.2352941176471 -588.2352941176471 2149.0
MST-136 -588.2352941176471 -588.2352941176471 2149.0
MST-137 -588.2352941176471 -588.2352941176471 2149.0
MST-138 -588.2352941176471 -588.2352941176471 2149.0
MST-139 -588.2352941176471 -588.2352941176471 2149.0
MST-140 -588.2352941176471 -588.2352941176471 2149.0
MST-141 -588.2352941176471 -588.2352941176471 2149.0
MST-142 -588.2352941176471 -588.2352941176471 2149.0
MST-143 -588.2352941176471 -588.2352941176471 2149.0
MST-144 -588.2352941176471 -588.2352941176471 2149.0
MST-145 -529.4117647058824 -529.4117647058824 2149.0
MST-146 -529.4117647058824 -529.4117647058824 2149.0
MST-147 -529.4117647058824 -529.4117647058824 2149.0
MST-148 -529.4117647058824 -529.4117647058824 2149.0
MST-149 -529.4117647058824 -529.4117647058824 2149.0
MST-150 -529.4117647058824 -529.4117647058824 2149.0
MST-151 -529.4117647058824 -529.4117647058824 2149.0
MST-152 -529.4117647058824 -529.4117647058824 2149.0
MST-153 -529.4117647058824 -529.4117647058824 2149.0
MST-154 -529.4117647058824 -529.4117647058824 2149.0
MST-155 -529.4117647058824 -529.4117647058824 2149.0
MST-156 -529.4117647058824 -529.4117647058824 2149.0
MST-157 -529.4117647058824 -529.4117647058824 2149.0
MST-158 -529.4117647058824 -529.4117647058824 2149.0
MST-159 -529.4117647058824 -529.4117647058824 2149.0
MST-160 -529.4117647058824 -529.4117647058824 2149.0
MST-161 -529.4117647058824 -529.4117647058824 2149.0
MST-162 -529.4117647058824 -529.4117647058824 2149.0
MST-163 -529.4117647058824 -529.4117647058824 2149.0
MST-164 -529.4117647058824 -529.4117647058824 2149.0
MST-165 -529.4117647058824 -529.4117647058824 2149.0
MST-166 -529.4117647058824 -529.4117647058824 2149.0
MST-167 -529.4117647058824 -529.4117647058824 2149.0
MST-168 -529.4117647058824 -529.4117647058824 2149.0
MST-169 -529.4117647058824 -529.4117647058824 2149.0
MST-170 -529.4117647058824 -529.4117647058824 2149.0
MST-171 -529.4117647058824 -529.4117647058824 2149.0
MST-172 -529.4117647058824 -529.4117647058824 2149.0
MST-173 -529.4117647058824 -529.4117647058824 2149.0
MST-174 -470.5882352941177 -470.5882352941177 2149.0
MST-175 -470.5882352941177 -470.5882352941177 2149.0
MST-176 -470.5882352941177 -470.5882352941177 2149.0
MST-177 -470.5882352941177 -470.5882352941177 2149.0
MST-178 -470.5882352941177 -470.5882352941177 2149.0
MST-179 -470.5882352941177 -470.5882352941177 2149.0
MST-180 -470.5882352941177 -470.5882352941177 2149.0
MST-181 -470.5882352941177 -470.5882352941177 2149.0
MST-182 -470.5882352941177 -470.5882352941177 2149.0
MST-183 -470.5882352941177 -470.5882352941177 2149.0
MST-184 -470.5882352941177 -470.5882352941177 2149.0
MST-185 -470.5882352941177 -470.5882352941177 2149.0
MST-186 -470.5882352941177 -470.5882352941177 2149.0
MST-187 -470.5882352941177 -470.5882352941177 2149.0
MST-188 -470.5882352941177 -470.5882352941177 2149.0
MST-189 -470.5882352941177 -470.5882352941177 2149.0
MST-190 -470.5882352941177 -470.5882352941177 2149.0
MST-191 -470.5882352941177 -470.5882352941177 2149.0
MST-192 -470.5882352941177 -470.5882352941177 2149.0
MST-193 -470.5882352941177 -470.5882352941177 2149.0
MST-194 -470.5882352941177 -470.5882352941177 2149.0
MST-195 -470.5882352941177 -470.5882352941177 2149.0
MST-196 -470.5882352941177 -470.5882352941177 2149.0
MST-197 -470.5882352941177 -470.5882352941177 2149.0
MST-198 -470.5882352941177 -470.5882352941177 2149.0
MST-199 -470.5882352941177 -470.5882352941177 2149.0
MST-200 -470.5882352941177 -470.5882352941177 2149.0
MST-201 -470.5882352941177 -470.5882352941177 2149.0
MST-202 -470.5882352941177 -470.5882352941177 2149.0
MST-203 -470.5882352941177 -470.5882352941177 2149.0
MST-204 -411.7647058823529 -411.7647058823529 2149.0
MST-205 -411.7647058823529 -411.7647058823529 2149.0
MST-206 -411.7647058823529 -411.7647058823529 2149.0
MST-207 -411.7647058823529 -411.7647058823529 2149.0
MST-208 -411.7647058823529 -411.7647058823529 2149.0
MST-209 -411.7647058823529 -411.7647058823529 2149.0
MST-210 -411.7647058823529 -411.7647058823529 2149.0
MST-211 -411.7647058823529 -411.7647058823529 2149.0
MST-212 -411.7647058823529 -411.7647058823529 2149.0
MST-213 -411.7647058823529 -411.7647058823529 2149.0
MST-214 -411.7647058823529 -411.7647058823529 2149.0
MST-215 -411.7647058823529 -411.7647058823529 2149.0
MST-216 -411.7647058823529 -411.7647058823529 2149.0
MST-217 -411.7647058823529 -411.7647058823529 2149.0
MST-218 -411.7647058823529 -411.7647058823529 2149.0
MST-219 -411.7647058823529 -411.7647058823529 2149.0
MST-220 -411.7647058823529 -411.7647058823529 2149.0
MST-221 -411.7647058823529 -411.7647058823529 2149.0
MST-222 -411.7647058823529 -411.7647058823529 2149.0
MST-223 -411.7647058823529 -411.7647058823529 2149.0
MST-224 -411.7647058823529 -411.7647058823529 2149.0
MST-225 -411.7647058823529 -411.7647058823529 2149.0
MST-226 -411.7647058823529 -411.7647058823529 2149.0
MST-227 -411.7647058823529 -411.7647058823529 2149.0
MST-228 -411.7647058823529 -411.7647058823529 2149.0
MST-229 -411.7647058823529 -411.7647058823529 2149.0
MST-230 -411.7647058823529 -411.7647058823529 2149.0
MST-231 -411.7647058823529 -411.7647058823529 2149.0
MST-232 -411.7647058823529 -411.7647058823529 2149.0
MST-233 -411.7647058823529 -411.7647058823529 2149.0
MST-234 -411.7647058823529 -411.7647058823529 2149.0
MST-235 -352.9411764705883 -352.9411764705883 2149.0
MST-236 -352.9411764705883 -352.9411764705883 2149.0
MST-237 -352.9411764705883 -352.9411764705883 2149.0
MST-238 -352.9411764705883 -352.9411764705883 2149.0
MST-239 -352.9411764705883 -352.9411764705883 2149.0
MST-240 -352.9411764705883 -352.9411764705883 2149.0
MST-241 -352.9411764705883 -352.9411764705883 2149.0
MST-242 -352.9411764705883 -352.9411764705883 2149.0
MST-243 -352.9411764705883 -352.9411764705883 2149.0
MST-244 -352.9411764705883 -352.9411764705883 2149.0
MST-245 -352.9411764705883 -352.9411764705883 2149.0
MST-246 -352.9411764705883 -352.9411764705883 2149.0
MST-247 -352.9411764705883 -352.9411764705883 2149.0
MST-248 -352.9411764705883 -352.9411764705883 2149.0
MST-249 -352.9411764705883 -352.9411764705883 2149.0
MST-250 -352.9411764705883 -352.9411764705883 2149.0
MST-251 -352.9411764705883 -352.9411764705883 2149.0
MST-252 -352.9411764705883 -352.9411764705883 2149.0
MST-253 -352.9411764705883 -352.9411764705883 2149.0
MST-254 -352.9411764705883 -352.9411764705883 2149.0
MST-255 -352.9411764705883 -352.9411764705883 2149.0
MST-256 -352.9411764705883 -352.9411764705883 2149.0
MST-257 -352.9411764705883 -352.9411764705883 2149.0
MST-258 -352.9411764705883 -352.9411764705883 2149.0
MST-259 -352.9411764705883 -352.9411764705883 2149.0
MST-260 -352.9411764705883 -352.9411764705883 2149.0
MST-261 -352.9411764705883 -352.9411764705883 2149.0
MST-262 -352.9411764705883 -352.9411764705883 2149.0
MST-263 -352.9411764705883 -352.9411764705883 2149.0
MST-264 -352.9411764705883 -352.9411764705883 2149.0
MST-265 -352.9411764705883 -352.9411764705883 2149.0
MST-266 -294.11764705882354 -294.11764705882354 2149.0
MST-267 -294.11764705882354 -294.11764705882354 2149.0
MST-268 -294.11764705882354 -294.11764705882354 2149.0
MST-269 -294.11764705882354 -294.11764705882354 2149.0
MST-270 -294.11764705882354 -294.11764705882354 2149.0
MST-271 -294.11764705882354 -294.11764705882354 2149.0
MST-272 -294.11764705882354 -294.11764705882354 2149.0
MST-273 -294.11764705882354 -294.11764705882354 2149.0
MST-274 -294.11764705882354 -294.11764705882354 2149.0
MST-275 -294.11764705882354 -294.11764705882354 2149.0
MST-276 -294.11764705882354 -294.11764705882354 2149.0
MST-277 -294.11764705882354 -294.11764705882354 2149.0
MST-278 -294.11764705882354 -294.11764705882354 2149.0
MST-279 -294.11764705882354 -294.11764705882354 2149.0
MST-280 -294.11764705882354 -294.11764705882354 2149.0
MST-281 -294.11764705882354 -294.11764705882354 2149.0
MST-282 -294.11764705882354 -294.11764705882354 2149.0
MST-283 -294.11764705882354 -294.11764705882354 2149.0
MST-284 -294.11764705882354 -294.11764705882354 2149.0
MST-285 -294.11764705882354 -294.11764705882354 2149.0
MST-286 -294.11764705882354 -294.11764705882354 2149.0
MST-287 -294.11764705882354 -294.11764705882354 2149.0
MST-288 -294.11764705882354 -294.11764705882354 2149.0
MST-289 -294.11764705882354 -294.11764705882354 2149.0
MST-290 -294.11764705882354 -294.11764705882354 2149.0
MST-291 -294.11764705882354 -294.11764705882354 2149.0
MST-292 -294.11764705882354 -294.11764705882354 2149.0
MST-293 -294.11764705882354 -294.11764705882354 2149.0
MST-294 -294.11764705882354 -294.11764705882354 2149.0
MST-295 -294.11764705882354 -294.11764705882354 2149.0
MST-296 -294.11764705882354 -294.11764705882354 2149.0
MST-297 -294.11764705882354 -294.11764705882354 2149.0
MST-298 -294.11764705882354 -294.11764705882354 2149.0
MST-299 -235.2941176470589 -235.2941176470589 2149.0
MST-300 -235.2941176470589 -235.2941176470589 2149.0
MST-301 -235.2941176470589 -235.2941176470589 2149.0
MST-302 -235.2941176470589 -235.2941176470589 2149.0
