tests/resources/198mir_190925.ecsv
# %ECSV 1.0
# ---
# delimiter: ','
# datatype:
# - {name: d80, unit: mm, datatype: float64}
# - {name: focal_length, unit: m, datatype: float64}
# schema: astropy-2.0
d80,focal_length
14.285,28.325
15.275,28.065
15.195,27.93
14.27,28.495
13.695,28.35
14.95,28.545
13.77,28.34
13.375,28.02
15.2,28.05
15.145,28.075
15.54,28.5
16.425,29.005
14.66,29.15
13.835,29
14.54,29
13.7,29.075
15.34,29.15
15.08,28.8
13.79,29.025
13.89,28.275
14.01,28.7
13.9,28.65
12.995,28.325
14.37,28.725
15.14,28.775
14.08,28.8
13.325,28.375
14.19,28.37
13.61,28.375
15.44,28.825
14.07,28.75
15.75,29.225
15.06,28.925
14.92,29.125
13.455,28.675
15.93,29.155
14.7,28.8
14.185,28.75
14.25,28.75
13.51,28.575
14.64,28.825
15.645,28.655
14.5,29.125
14.3,28.8
15.4,29.2
14.3,29
13.87,28.065
14.01,28.5
13.455,28.725
15.395,28.01
14.41,28.685
11.66,28.235
11.705,28.38
12.55,28.375
12.35,28.275
11.91,28.325
12.8,28.3
11.575,28.16
10.9,28.225
11.555,28.225
11.53,28.15
11.8,28.3
11.53,28.2
12.22,28.15
11.405,28.145
12.75,28.535
12.23,28.115
12.96,28.51
11.395,28.135
11.225,28.435
11.14,28.16
13.12,28.5
9.645,28.15
11.855,28.535
12.115,28.535
10.7,28.675
11.8,28.2
11.95,28.25
10.22,28.325
10.715,28.475
11.27,28.455
12.18,28.42
10.7,28.225
12.405,28.565
10.34,28.175
11.67,28.345
11.2,28.25
11.2,28.2
12.9,28.51
14.8,29.15
15.215,29.27
14.64,29.125
10.855,28.25
9.93,28.495
14.155,28.95
12.595,28.285
12.905,28.6
15.28,29.025
12.245,28.55
11.075,28.21
15.36,28.825
11.895,28.6
11.085,28.25
11.405,28.395
11.455,28.325
13.925,28.6
11.775,28.15
11.065,28.3
11.27,28.1
12.3,28.575
13.44,29.125
11.295,28.14
11.785,28.575
14.635,29.3
11.245,28.2
11.795,28.425
13.855,29.05
11.43,28.125
11.595,28.3
14.245,28.875
11.375,28.225
13.26,28.925
11.73,28.15
11.79,28.4
11.075,28.125
11.105,28.47
14.085,29.125
11.41,28.145
12.045,28.5
14.41,28.425
14.3,28.8
12.295,28.335
14.44,28.85
11.215,28.125
12.705,28.45
13.53,29.03
11.54,28.425
13.755,29
11.215,28.1
11.54,28.35
14.365,28.96
11.635,28.425
14.115,28.9
13.47,28.525
12.905,29.125
13.81,28.45
12.655,28
14.355,28.35
14.21,28.725
15.36,28.85
13.26,28.91
12.045,28.525
12.045,28.925
12.96,28.625
14.535,28.95
13.445,28.7
12.95,29
13.7,29
14.44,29.05
13.2,29
13.145,28.825
14.23,28.8
12.805,28.625
12.825,29.03
15.625,29.05
13.745,29.125
12.955,28.85
14.415,28.9
12.295,28.6
12.855,28.375
13.25,28.835
11.895,28.775
11.945,29.1
12.4,29.2
15.725,28.85
12.35,28.675
13.505,28.86
12.95,29.075
13.105,28.8
14.34,28.975
15.135,28.875
12.3,28.925
14.535,29.175
12,28.775
13.3,28.95
13.5,28.95
13.2,28.925
13.71,29.125
11.555,28.975
13.67,29.15
12.245,28.7
12.855,28.6
12.5,28.6
12.095,28.725
13.05,28.675
12.65,28.675
12.5,28.6
11.64,28.675
