tests/resources/mirror_list_CTA-N-LST1_v2019-03-31_rotated.ecsv
# %ECSV 1.0
# ---
# datatype:
# - {name: mirror_x, unit: cm, datatype: float64}
# - {name: mirror_y, unit: cm, datatype: float64}
# - {name: mirror_diameter, unit: cm, datatype: float64}
# - {name: focal_length, unit: cm, datatype: float64}
# - {name: shape_type, datatype: int32}
# - {name: mirror_z, unit: cm, datatype: float64}
# - {name: mirror_panel_id, datatype: int32}
# meta: !!omap
# - comments: ['Mirror positions and focal lengths for the LST1 prototype on La Palma, as based on the file newMirrorList.txt provided
#       by LST team, reformated to required format by  awk', 'Updated on 31/03/19. Two mirrors (IDs 162 and 172) were exchanged for ones
#       with similar focal lengths. Updated also in November 2023: coordinates were rotated 180 degrees and mirrored following e-mail
#       discussions with the LST team (Subject: MAGIC and sim_telarray reflector config files).']
# - keywords: !!omap
#   - {shape_type: '3'}
#   - {mirror_radius: 12.393 m}
#   - {surface_area: 390.98 m**2}
#   - {projected_area: 388.38 m**2}
#   - {center_gravity_x: 0.269 m}
#   - {center_gravity_y: 388.38 m**2}
# schema: astropy-2.0
mirror_x mirror_y mirror_diameter focal_length shape_type mirror_z mirror_panel_id
1022.49 -462.0 151.0 2920.0 3 0.0 198
1022.49 -308.0 151.0 2910.0 3 0.0 197
1022.49 -154.0 151.0 2895.0 3 0.0 196
1022.49 0.0 151.0 2900.5 3 0.0 195
1022.49 154.0 151.0 2895.0 3 0.0 194
1022.49 308.0 151.0 2910.0 3 0.0 193
1022.49 462.0 151.0 2917.5 3 0.0 192
889.12 -693.0 151.0 2915.0 3 0.0 191
889.12 -539.0 151.0 2895.0 3 0.0 190
889.12 -385.0 151.0 2882.5 3 0.0 189
889.12 -231.0 151.0 2877.5 3 0.0 188
889.12 -77.0 151.0 2872.5 3 0.0 187
889.12 77.0 151.0 2875.0 3 0.0 186
889.12 231.0 151.0 2877.5 3 0.0 185
889.12 385.0 151.0 2887.5 3 0.0 184
889.12 539.0 151.0 2895.0 3 0.0 183
889.12 693.0 151.0 2912.5 3 0.0 182
755.75 -770.0 151.0 2908.5 3 0.0 181
755.75 -616.0 151.0 2887.5 3 0.0 180
755.75 -462.0 151.0 2867.5 3 0.0 179
755.75 -308.0 151.0 2862.5 3 0.0 178
755.75 -154.0 151.0 2850.0 3 0.0 177
755.75 0.0 151.0 2847.5 3 0.0 176
755.75 154.0 151.0 2852.5 3 0.0 175
755.75 308.0 151.0 2860.0 3 0.0 174
755.75 462.0 151.0 2870.0 3 0.0 173
755.75 616.0 151.0 2887.5 3 0.0 172
755.75 770.0 151.0 2905.0 3 0.0 171
622.38 -847.0 151.0 2897.5 3 0.0 170
622.38 -693.0 151.0 2877.5 3 0.0 169
622.38 -539.0 151.0 2863.5 3 0.0 168
622.38 -385.0 151.0 2854.0 3 0.0 167
622.38 -231.0 151.0 2842.5 3 0.0 166
622.38 -77.0 151.0 2828.5 3 0.0 165
622.38 77.0 151.0 2840.0 3 0.0 164
622.38 231.0 151.0 2830.0 3 0.0 163
622.38 385.0 151.0 2849.5 3 0.0 162
622.38 539.0 151.0 2857.5 3 0.0 161
622.38 693.0 151.0 2872.5 3 0.0 160
622.38 847.0 151.0 2897.0 3 0.0 159
489.02 -924.0 151.0 2895.0 3 0.0 158
489.02 -770.0 151.0 2870.0 3 0.0 157
489.02 -616.0 151.0 2860.0 3 0.0 156
489.02 -462.0 151.0 2847.5 3 0.0 155
489.02 -308.0 151.0 2830.0 3 0.0 154
489.02 -154.0 151.0 2817.5 3 0.0 153
489.02 0.0 151.0 2817.5 3 0.0 152
489.02 154.0 151.0 2825.0 3 0.0 151
489.02 308.0 151.0 2833.0 3 0.0 150
489.02 462.0 151.0 2850.0 3 0.0 149
489.02 616.0 151.0 2859.0 3 0.0 148
489.02 770.0 151.0 2877.5 3 0.0 147
489.02 924.0 151.0 2892.5 3 0.0 146
355.65 -1001.0 151.0 2895.0 3 0.0 145
355.65 -847.0 151.0 2885.0 3 0.0 144
355.65 -693.0 151.0 2855.0 3 0.0 143
355.65 -539.0 151.0 2837.0 3 0.0 142
355.65 -385.0 151.0 2825.0 3 0.0 141
355.65 -231.0 151.0 2825.5 3 0.0 140
355.65 -77.0 151.0 2810.0 3 0.0 139
355.65 77.0 151.0 2815.0 3 0.0 138
355.65 231.0 151.0 2826.0 3 0.0 137
355.65 385.0 151.0 2825.0 3 0.0 136
355.65 539.0 151.0 2828.5 3 0.0 135
355.65 693.0 151.0 2845.0 3 0.0 134
355.65 847.0 151.0 2877.5 3 0.0 133
355.65 1001.0 151.0 2900.0 3 0.0 132
222.28 -924.0 151.0 2880.0 3 0.0 131
222.28 -770.0 151.0 2865.0 3 0.0 130
222.28 -616.0 151.0 2837.5 3 0.0 129
222.28 -462.0 151.0 2827.5 3 0.0 128
222.28 -308.0 151.0 2805.0 3 0.0 127
222.28 -154.0 151.0 2802.5 3 0.0 126
222.28 0.0 151.0 2800.0 3 0.0 125
222.28 154.0 151.0 2800.0 3 0.0 124
222.28 308.0 151.0 2807.5 3 0.0 123
222.28 462.0 151.0 2825.0 3 0.0 122
222.28 616.0 151.0 2837.5 3 0.0 121
222.28 770.0 151.0 2852.5 3 0.0 120
222.28 924.0 151.0 2880.0 3 0.0 119
88.91 -1001.0 151.0 2889.0 3 0.0 118
88.91 -847.0 151.0 2872.5 3 0.0 117
88.91 -693.0 151.0 2842.5 3 0.0 116
88.91 -539.0 151.0 2834.5 3 0.0 115
88.91 -385.0 151.0 2810.0 3 0.0 114
88.91 -231.0 151.0 2809.5 3 0.0 113
88.91 -77.0 151.0 2805.0 3 0.0 112
88.91 77.0 151.0 2807.5 3 0.0 111
88.91 231.0 151.0 2807.5 3 0.0 110
88.91 385.0 151.0 2817.5 3 0.0 109
88.91 539.0 151.0 2825.0 3 0.0 108
88.91 693.0 151.0 2842.5 3 0.0 107
88.91 847.0 151.0 2870.0 3 0.0 106
88.91 1001.0 151.0 2891.0 3 0.0 105
-44.46 -924.0 151.0 2880.0 3 0.0 104
-44.46 -770.0 151.0 2852.5 3 0.0 103
-44.46 -616.0 151.0 2837.5 3 0.0 102
-44.46 -462.0 151.0 2820.0 3 0.0 101
-44.46 -308.0 151.0 2800.0 3 0.0 100
-44.46 -154.0 151.0 2800.0 3 0.0 99
-44.46 154.0 151.0 2805.0 3 0.0 98
-44.46 308.0 151.0 2807.5 3 0.0 97
-44.46 462.0 151.0 2817.5 3 0.0 96
-44.46 616.0 151.0 2835.0 3 0.0 95
-44.46 770.0 151.0 2852.5 3 0.0 94
-44.46 924.0 151.0 2885.0 3 0.0 93
-177.82 -1001.0 151.0 2890.0 3 0.0 92
-177.82 -847.0 151.0 2870.0 3 0.0 91
-177.82 -693.0 151.0 2842.5 3 0.0 90
-177.82 -539.0 151.0 2830.0 3 0.0 89
-177.82 -385.0 151.0 2820.0 3 0.0 88
-177.82 -231.0 151.0 2805.0 3 0.0 87
-177.82 -77.0 151.0 2807.5 3 0.0 86
-177.82 77.0 151.0 2802.5 3 0.0 85
-177.82 231.0 151.0 2815.0 3 0.0 84
-177.82 385.0 151.0 2815.0 3 0.0 83
-177.82 539.0 151.0 2830.0 3 0.0 82
-177.82 693.0 151.0 2847.5 3 0.0 81
-177.82 847.0 151.0 2870.0 3 0.0 80
-177.82 1001.0 151.0 2892.5 3 0.0 79
-311.19 -1078.0 151.0 2902.5 3 0.0 78
-311.19 -924.0 151.0 2882.5 3 0.0 77
-311.19 -770.0 151.0 2867.0 3 0.0 76
-311.19 -616.0 151.0 2840.0 3 0.0 75
-311.19 -462.0 151.0 2825.0 3 0.0 74
-311.19 -308.0 151.0 2815.0 3 0.0 73
-311.19 -154.0 151.0 2807.5 3 0.0 72
-311.19 -0.0 151.0 2807.5 3 0.0 71
-311.19 154.0 151.0 2812.5 3 0.0 70
-311.19 308.0 151.0 2815.0 3 0.0 69
-311.19 462.0 151.0 2832.5 3 0.0 68
-311.19 616.0 151.0 2841.5 3 0.0 67
-311.19 770.0 151.0 2865.0 3 0.0 66
-311.19 924.0 151.0 2880.0 3 0.0 65
-311.19 1078.0 151.0 2902.5 3 0.0 64
-444.56 -1001.0 151.0 2907.5 3 0.0 63
-444.56 -847.0 151.0 2882.5 3 0.0 62
-444.56 -693.0 151.0 2857.5 3 0.0 61
-444.56 -539.0 151.0 2847.5 3 0.0 60
-444.56 -385.0 151.0 2830.0 3 0.0 59
-444.56 -231.0 151.0 2827.5 3 0.0 58
-444.56 -77.0 151.0 2810.0 3 0.0 57
-444.56 77.0 151.0 2810.0 3 0.0 56
-444.56 231.0 151.0 2817.5 3 0.0 55
-444.56 385.0 151.0 2832.5 3 0.0 54
-444.56 539.0 151.0 2840.0 3 0.0 53
-444.56 693.0 151.0 2860.0 3 0.0 52
-444.56 847.0 151.0 2887.5 3 0.0 51
-444.56 1001.0 151.0 2899.5 3 0.0 50
-577.93 -924.0 151.0 2905.0 3 0.0 49
-577.93 -770.0 151.0 2885.0 3 0.0 48
-577.93 -616.0 151.0 2862.5 3 0.0 47
-577.93 -462.0 151.0 2855.0 3 0.0 46
-577.93 -308.0 151.0 2847.5 3 0.0 45
-577.93 -154.0 151.0 2837.5 3 0.0 44
-577.93 -0.0 151.0 2825.0 3 0.0 43
-577.93 154.0 151.0 2822.5 3 0.0 42
-577.93 308.0 151.0 2835.0 3 0.0 41
-577.93 462.0 151.0 2847.5 3 0.0 40
-577.93 616.0 151.0 2865.0 3 0.0 39
-577.93 770.0 151.0 2887.5 3 0.0 38
-577.93 924.0 151.0 2902.5 3 0.0 37
-711.3 -847.0 151.0 2910.0 3 0.0 36
-711.3 -693.0 151.0 2887.5 3 0.0 35
-711.3 -539.0 151.0 2867.5 3 0.0 34
-711.3 -385.0 151.0 2865.0 3 0.0 33
-711.3 -231.0 151.0 2847.5 3 0.0 32
-711.3 -77.0 151.0 2847.5 3 0.0 31
-711.3 77.0 151.0 2845.0 3 0.0 30
-711.3 231.0 151.0 2852.5 3 0.0 29
-711.3 385.0 151.0 2860.0 3 0.0 28
-711.3 539.0 151.0 2871.0 3 0.0 27
-711.3 693.0 151.0 2887.5 3 0.0 26
-711.3 847.0 151.0 2907.5 3 0.0 25
-844.66 -770.0 151.0 2920.0 3 0.0 24
-844.66 -616.0 151.0 2893.5 3 0.0 23
-844.66 -462.0 151.0 2882.5 3 0.0 22
-844.66 -308.0 151.0 2870.0 3 0.0 21
-844.66 -154.0 151.0 2862.5 3 0.0 20
-844.66 -0.0 151.0 2860.0 3 0.0 19
-844.66 154.0 151.0 2865.5 3 0.0 18
-844.66 308.0 151.0 2875.0 3 0.0 17
-844.66 462.0 151.0 2880.0 3 0.0 16
-844.66 616.0 151.0 2902.5 3 0.0 15
-844.66 770.0 151.0 2920.0 3 0.0 14
-978.03 -539.0 151.0 2903.0 3 0.0 13
-978.03 -385.0 151.0 2900.0 3 0.0 12
-978.03 -231.0 151.0 2890.0 3 0.0 11
-978.03 -77.0 151.0 2887.5 3 0.0 10
-978.03 77.0 151.0 2882.5 3 0.0 9
-978.03 231.0 151.0 2895.0 3 0.0 8
-978.03 385.0 151.0 2901.0 3 0.0 7
-978.03 539.0 151.0 2912.5 3 0.0 6
-1111.4 -308.0 151.0 2915.0 3 0.0 5
-1111.4 -154.0 151.0 2910.0 3 0.0 4
-1111.4 -0.0 151.0 2907.5 3 0.0 3
-1111.4 154.0 151.0 2910.0 3 0.0 2
-1111.4 308.0 151.0 2917.5 3 0.0 1
