tests/resources/MLTdata-preproduction.ecsv
# %ECSV 1.0
# ---
# datatype:
# - {name: mirror_panel_id, datatype: string, description: mirror panel ID}
# - {name: mirror_panel_radius, unit: cm, datatype: float32, description: mirror panel radius (2f)}
# - {name: psf_opt, unit: cm, datatype: float32, description: Average spot size of MLT mirror panels from 2f measurement (d80)}
# - {name: psf, unit: cm, datatype: float32, description: Average spot size of MLT mirror panels from 2f measurement (d80)}
# - {name: surface_ref, unit: '', datatype: float32, description: Average surface reflectivity between 300 nm and 500 nm (%)}
# schema: astropy-2.0
mirror_panel_id mirror_panel_radius psf_opt psf surface_ref
MLT-054 3180.7 1.546 2.097 90.2
MLT-055 3173.5 1.381 3.019 96.3
MLT-056 3232.7 1.432 1.5370001 95.2
MLT-057 3216.5 1.241 1.241 93.5
MLT-058 3216.0 1.332 1.332 97.0
MLT-059 3208.0002 1.45 1.7040001 95.8
MLT-060 3226.9001 1.271 1.354 94.6
MLT-061 3202.2998 1.413 1.8959999 94.7
MLT-062 3211.0 1.224 1.224 96.3
MLT-063 3221.3 1.213 1.4710001 96.2
MLT-065 3213.1 1.498 1.498 97.0
MLT-066 3213.4 1.42 1.42 94.3
MLT-067 3191.9001 1.45 2.243 96.6
MLT-068 3205.5 1.4100001 1.945 91.7
MLT-069 3208.7002 1.8190001 1.874 92.8
MLT-070 3206.6 1.284 1.539 92.6
MLT-071 3205.0999 1.717 2.068 90.2
MLT-072 3222.7002 1.3149999 1.5370001 95.1
MLT-073 3214.4001 1.488 1.488 93.0
MLT-074 3217.8 1.279 1.279 93.0
MLT-075 3211.2998 1.417 1.417 95.2
MLT-076 3213.0 1.663 1.663 93.1
MLT-077 3216.9 1.157 1.157 93.8
MLT-078 3217.5999 1.7709999 1.7709999 94.0
MLT-079 3211.1 1.1010001 1.3590001 94.9
MLT-080 3218.0 1.335 1.335 95.0
MLT-081 3224.5999 1.225 1.591 95.2
MLT-082 3216.0 1.417 1.417 93.0
MLT-083 3211.9 1.417 1.417 95.4
MLT-084 3222.7002 1.6190001 1.733 92.0
MLT-085 3222.4998 1.4020001 1.488 91.9
MLT-086 3218.7 1.358 1.358 92.2
MLT-088 3215.5999 1.371 1.371 96.2
MLT-089 3219.8003 1.209 1.209 90.6
MLT-092 3214.6 1.5090001 1.5090001 91.0
MLT-094 3212.0 1.6620001 1.6620001 95.5
MLT-095 3218.6 1.3560001 1.46 90.6
MLT-096 3215.2 1.647 1.647 92.2
MLT-097 3220.4 1.119 1.119 93.0
MLT-098 3229.2998 1.5100001 2.064 95.2
MLT-099 3225.7 1.2770001 1.487 95.3
MLT-100 3215.1 1.353 1.353 91.9
MLT-101 3216.4001 1.399 1.399 94.2
MLT-102 3222.7002 1.257 1.467 95.0
MLT-103 3220.0 1.237 1.265 96.7
MLT-104 3221.7998 1.136 1.246 94.7
MLT-105 3215.0002 1.5020001 1.5020001 93.1
MLT-106 3223.6 1.316 1.515 95.5
MLT-107 3207.2 1.414 1.658 92.9
MLT-108 3216.9998 1.21 1.21 92.8
MLT-109 3209.2 1.2770001 1.366 94.5
MLT-110 3217.6997 1.244 1.244 94.9
MLT-111 3223.0999 1.446 1.659 91.0
MLT-112 3212.4001 1.5220001 1.5220001 93.2
MLT-113 3214.7 1.233 1.233 92.2
MLT-114 3216.2998 0.98800004 0.98800004 94.7
MLT-115 3223.7998 1.2470001 1.294 91.3
MLT-116 3226.2002 1.268 1.302 95.3
MLT-117 3214.6 1.365 1.365 95.0
MLT-118 3224.3 1.169 1.518 97.6
MLT-119 3235.1 1.7299999 1.9540001 94.9
MLT-120 3219.7 1.749 1.6129999 96.9
MLT-121 3215.9001 1.275 1.275 95.3
MLT-122 3214.4001 1.714 1.714 93.7
MLT-123 3214.7998 1.423 1.423 94.0
MLT-124 3226.8 1.309 1.714 94.0
MLT-125 3215.9001 1.271 1.271 91.5
MLT-126 3221.5 1.266 1.094 96.0
MLT-127 3226.6997 1.5270001 1.3100001 94.9
MLT-128 3231.0002 1.4729999 1.587 92.0
MLT-129 3231.2 1.3260001 1.236 94.7
MLT-130 3212.3 1.34 1.34 94.3
MLT-131 3215.5999 1.4120001 1.4120001 93.7
MLT-132 3215.5999 1.301 1.301 95.4
MLT-133 3220.9 1.4510001 1.319 95.0
MLT-134 3219.2002 1.4430001 1.47 95.1
MLT-135 3222.3 1.336 1.578 92.9
MLT-136 3220.8 1.172 1.2390001 95.6
MLT-137 3216.2 1.274 1.274 91.5
MLT-138 3220.2 1.4890001 1.2689999 93.1
MLT-139 3217.8 1.2270001 1.2270001 94.9
MLT-140 3218.9 1.552 1.292 92.8
MLT-141 3209.9 1.6290001 1.823 92.5
MLT-142 3212.4001 1.421 1.421 92.1
MLT-143 3215.0002 1.302 1.302 92.5
MLT-144 3202.2 1.2310001 1.632 94.6
MLT-145 3218.6 1.286 1.286 91.8
MLT-146 3218.2 1.45 1.45 92.0
MLT-147 3215.2 1.683 1.683 92.5
MLT-148 3222.4 1.2870001 1.1750001 91.5
MLT-149 3213.8 1.4810001 1.4810001 92.7
MLT-150 3222.4 1.614 1.541 92.4
MLT-151 3221.4001 1.3479999 2.009 92.4
MLT-152 3226.3 1.432 1.4430001 94.0
MLT-153 3223.0 1.716 1.459 92.9
MLT-154 3218.0 1.873 1.873 92.5
MLT-155 3218.9998 1.5020001 1.732 94.4
MLT-156 3212.0 1.7700001 1.7700001 94.4
MLT-157 3214.7998 1.344 1.344 94.8
MLT-158 3208.7002 1.216 1.4560001 93.9
MLT-159 3216.4001 1.413 1.413 93.6
MLT-160 3220.8 1.49 1.354 94.0
MLT-161 3207.0 1.606 1.7790002 94.1
MLT-162 3219.4 1.718 1.6610001 93.8
MLT-163 3227.4 1.0500001 1.093 94.6
MLT-164 3217.1 1.523 1.523 94.6
MLT-165 3227.4 1.248 1.058 93.8
MLT-166 3219.5 1.171 1.158 94.1
MLT-167 3227.6 1.0979999 1.154 93.5
MLT-169 3217.6997 1.309 1.309 95.1
MLT-171 3216.6 1.37 1.37 93.7
MLT-172 3218.7 1.4 1.212 94.4
MLT-173 3224.3 1.423 1.312 92.5
MLT-174 3204.2998 1.698 1.974 93.4
MLT-175 3220.0 1.6389999 1.401 94.6
MLT-176 3223.4001 1.427 1.169 94.6
MLT-177 3222.9 1.709 1.4350001 93.8
MLT-178 3217.3 1.49 1.49 94.6
MLT-179 3215.4 1.103 1.103 94.6
MLT-180 3219.3 1.12 1.0890001 93.6
MLT-181 3208.9001 1.202 1.386 94.1
MLT-182 3226.1 1.172 1.39 92.6
MLT-183 3211.2 1.17 1.17 94.1
MLT-184 3214.6 1.415 1.415 91.8
MLT-185 3226.1 1.472 1.6190001 94.5
MLT-186 3213.8 1.486 1.486 94.8
MLT-187 3222.7002 1.378 1.536 95.0
MLT-188 3216.6 1.5760001 1.5760001 96.3
MLT-189 3223.6 1.7200001 1.567 96.0
MLT-190 3214.1997 1.439 1.439 92.5
MLT-191 3216.5 1.5220001 1.5220001 91.4
MLT-192 3215.0002 1.273 1.273 96.0
MLT-193 3227.4 1.501 1.623 93.8
MLT-194 3217.9001 1.42 1.42 92.1
MLT-195 3216.6 1.072 1.072 94.1
MLT-196 3224.5999 1.37 1.25 96.0
MLT-197 3209.2998 1.222 1.255 95.4
MLT-198 3216.6 1.564 1.564 93.0
MLT-199 3212.5999 1.524 1.524 93.8
MLT-200 3217.6997 1.398 1.398 94.4
MLT-201 3215.3 1.4050001 1.4050001 93.1
MLT-202 3213.7002 1.498 1.498 92.1
MLT-203 3212.2002 1.4760001 1.4760001 93.4
MLT-204 3218.7 1.409 1.8330001 95.9
MLT-205 3214.1997 1.534 1.534 94.9
MLT-206 3216.9998 1.548 1.548 94.5
MLT-207 3215.7002 1.514 1.514 92.4
MLT-208 3217.9001 1.3790001 1.3790001 94.0
MLT-209 3219.9001 1.282 1.245 94.8
MLT-210 3230.0 1.472 1.886 93.5
MLT-211 3225.5 1.0649999 1.139 92.7
MLT-212 3226.9001 1.3510001 1.5220001 94.6
MLT-213 3220.2 1.647 1.6520001 95.5
MLT-214 3213.0 1.551 1.551 94.2
MLT-215 3204.7002 1.295 1.585 94.9
MLT-216 3209.9 1.236 1.571 94.7
MLT-218 3214.3 1.447 1.447 93.9
MLT-219 3209.6 1.36 1.383 94.0
MLT-220 3204.4998 1.507 1.731 92.1
MLT-221 3215.2 1.4560001 1.4560001 94.0
MLT-222 3199.0999 1.475 1.856 94.9
MLT-223 3217.9001 1.296 1.296 93.0
MLT-224 3217.9001 1.286 1.286 91.8
MLT-225 3221.0 1.321 1.3850001 92.5
MLT-226 3223.6 1.429 1.33 94.6
MLT-227 3207.7 1.368 1.5270001 95.2
MLT-228 3200.0999 1.45 1.702 94.2
MLT-229 3214.7998 1.422 1.422 91.2
MLT-230 3221.4001 1.511 1.52 92.7
MLT-231 3211.0 1.475 1.475 95.4
MLT-232 3207.0 1.45 1.7379999 94.1
MLT-233 3209.5 1.218 1.419 94.5
MLT-234 3208.5999 1.321 1.5189999 94.5
MLT-235 3212.5 1.498 1.498 95.1
MLT-236 3218.5002 1.696 1.534 94.5
MLT-237 3208.5 1.561 1.841 94.4
MLT-238 3208.5999 1.482 1.407 95.5
MLT-239 3216.9 1.288 1.288 94.6
MLT-240 3209.7 1.4710001 1.59 94.6
MLT-241 3207.5 1.388 1.547 92.0
MLT-242 3220.7002 1.317 1.329 91.4
MLT-243 3212.7998 1.3939999 1.3939999 92.4
MLT-244 3218.0 1.369 1.369 91.7
MLT-245 3218.2998 1.6719999 1.6200001 92.7
MLT-246 3217.2002 1.336 1.336 93.1
MLT-247 3223.3003 1.508 1.4560001 91.4
MLT-248 3211.5002 1.487 1.487 93.1
MLT-249 3218.2998 1.4890001 1.357 93.2
MLT-250 3216.2998 1.199 1.199 92.9
MLT-251 3215.8 1.3640001 1.3640001 92.4
MLT-252 3202.1 1.411 1.784 93.2
MLT-254 3225.0 1.2310001 1.23 90.2
MLT-255 3223.7 1.271 1.203 93.8
MLT-256 3231.2 1.498 1.578 92.4
MLT-257 3210.1 1.567 1.567 93.6
MLT-258 3220.2998 1.274 1.2800001 93.2
MLT-259 3224.4 1.2140001 1.341 93.1
MLT-260 3228.4001 1.406 1.3560001 93.3
MLT-261 3220.9 1.391 1.3840001 93.8
MLT-262 3214.6 1.544 1.544 92.3
