tests/resources/MLTdata-preproduction.ecsv
# %ECSV 1.0
# ---
# datatype:
# - {name: mirror_id, datatype: string, description: mirror panel ID}
# - {name: mirror_diameter, unit: m, datatype: float32, description: mirror panel radius (2f)}
# - {name: psf_opt, unit: mm, datatype: float32, description: Average spot size of MLT mirror panels from 2f measurement (d80)}
# - {name: psf, unit: mm, datatype: float32, description: Average spot size of MLT mirror panels from 2f measurement (d80) at nominal
#     distance of 32.14 m}
# - {name: surface_ref, unit: '', datatype: float32, description: Average surface reflectivity between 300 nm and 500 nm (%)}
# - {name: mirror_x, unit: cm, datatype: float64}
# - {name: mirror_y, unit: cm, datatype: float64}
# - {name: shape_type, datatype: int32}
# schema: astropy-2.0
mirror_id mirror_diameter psf_opt psf surface_ref mirror_x mirror_y shape_type
054 63.614 15.46 20.97 90.2 0.0 0.0 0
055 63.47 13.81 30.19 96.3 0.0 0.0 0
056 64.654 14.32 15.37 95.2 0.0 0.0 0
057 64.33 12.41 12.41 93.5 0.0 0.0 0
058 64.32 13.32 13.32 97.0 0.0 0.0 0
059 64.16 14.5 17.04 95.8 0.0 0.0 0
060 64.538 12.71 13.54 94.6 0.0 0.0 0
061 64.046 14.13 18.96 94.7 0.0 0.0 0
062 64.22 12.24 12.24 96.3 0.0 0.0 0
063 64.426 12.13 14.71 96.2 0.0 0.0 0
065 64.262 14.98 14.98 97.0 0.0 0.0 0
066 64.268 14.2 14.2 94.3 0.0 0.0 0
067 63.838 14.5 22.43 96.6 0.0 0.0 0
068 64.11 14.1 19.45 91.7 0.0 0.0 0
069 64.174 18.19 18.74 92.8 0.0 0.0 0
070 64.132 12.84 15.39 92.6 0.0 0.0 0
071 64.102 17.17 20.68 90.2 0.0 0.0 0
072 64.454 13.15 15.37 95.1 0.0 0.0 0
073 64.288 14.88 14.88 93.0 0.0 0.0 0
074 64.356 12.79 12.79 93.0 0.0 0.0 0
075 64.226 14.17 14.17 95.2 0.0 0.0 0
076 64.26 16.63 16.63 93.1 0.0 0.0 0
077 64.338 11.57 11.57 93.8 0.0 0.0 0
078 64.352 17.71 17.71 94.0 0.0 0.0 0
079 64.222 11.01 13.59 94.9 0.0 0.0 0
080 64.36 13.35 13.35 95.0 0.0 0.0 0
081 64.492 12.25 15.91 95.2 0.0 0.0 0
082 64.32 14.17 14.17 93.0 0.0 0.0 0
083 64.238 14.17 14.17 95.4 0.0 0.0 0
084 64.454 16.19 17.33 92.0 0.0 0.0 0
085 64.45 14.02 14.88 91.9 0.0 0.0 0
086 64.374 13.58 13.58 92.2 0.0 0.0 0
088 64.312 13.71 13.71 96.2 0.0 0.0 0
089 64.396 12.09 12.09 90.6 0.0 0.0 0
092 64.292 15.09 15.09 91.0 0.0 0.0 0
094 64.24 16.62 16.62 95.5 0.0 0.0 0
095 64.372 13.56 14.6 90.6 0.0 0.0 0
096 64.304 16.47 16.47 92.2 0.0 0.0 0
097 64.408 11.19 11.19 93.0 0.0 0.0 0
098 64.586 15.1 20.64 95.2 0.0 0.0 0
099 64.514 12.77 14.87 95.3 0.0 0.0 0
100 64.302 13.53 13.53 91.9 0.0 0.0 0
101 64.328 13.99 13.99 94.2 0.0 0.0 0
102 64.454 12.57 14.67 95.0 0.0 0.0 0
103 64.4 12.37 12.65 96.7 0.0 0.0 0
104 64.436 11.36 12.46 94.7 0.0 0.0 0
105 64.3 15.02 15.02 93.1 0.0 0.0 0
106 64.472 13.16 15.15 95.5 0.0 0.0 0
107 64.144 14.14 16.58 92.9 0.0 0.0 0
108 64.34 12.1 12.1 92.8 0.0 0.0 0
109 64.184 12.77 13.66 94.5 0.0 0.0 0
110 64.354 12.44 12.44 94.9 0.0 0.0 0
111 64.462 14.46 16.59 91.0 0.0 0.0 0
112 64.248 15.22 15.22 93.2 0.0 0.0 0
113 64.294 12.33 12.33 92.2 0.0 0.0 0
114 64.326 9.88 9.88 94.7 0.0 0.0 0
115 64.476 12.47 12.94 91.3 0.0 0.0 0
116 64.524 12.68 13.02 95.3 0.0 0.0 0
117 64.292 13.65 13.65 95.0 0.0 0.0 0
118 64.486 11.69 15.18 97.6 0.0 0.0 0
119 64.702 17.3 19.54 94.9 0.0 0.0 0
120 64.394 17.49 16.13 96.9 0.0 0.0 0
121 64.318 12.75 12.75 95.3 0.0 0.0 0
122 64.288 17.14 17.14 93.7 0.0 0.0 0
123 64.296 14.23 14.23 94.0 0.0 0.0 0
124 64.536 13.09 17.14 94.0 0.0 0.0 0
125 64.318 12.71 12.71 91.5 0.0 0.0 0
126 64.43 12.66 10.94 96.0 0.0 0.0 0
127 64.534 15.27 13.1 94.9 0.0 0.0 0
128 64.62 14.73 15.87 92.0 0.0 0.0 0
129 64.624 13.26 12.36 94.7 0.0 0.0 0
130 64.246 13.4 13.4 94.3 0.0 0.0 0
131 64.312 14.12 14.12 93.7 0.0 0.0 0
132 64.312 13.01 13.01 95.4 0.0 0.0 0
133 64.418 14.51 13.19 95.0 0.0 0.0 0
134 64.384 14.43 14.7 95.1 0.0 0.0 0
135 64.446 13.36 15.78 92.9 0.0 0.0 0
136 64.416 11.72 12.39 95.6 0.0 0.0 0
137 64.324 12.74 12.74 91.5 0.0 0.0 0
138 64.404 14.89 12.69 93.1 0.0 0.0 0
139 64.356 12.27 12.27 94.9 0.0 0.0 0
140 64.378 15.52 12.92 92.8 0.0 0.0 0
141 64.198 16.29 18.23 92.5 0.0 0.0 0
142 64.248 14.21 14.21 92.1 0.0 0.0 0
143 64.3 13.02 13.02 92.5 0.0 0.0 0
144 64.044 12.31 16.32 94.6 0.0 0.0 0
145 64.372 12.86 12.86 91.8 0.0 0.0 0
146 64.364 14.5 14.5 92.0 0.0 0.0 0
147 64.304 16.83 16.83 92.5 0.0 0.0 0
148 64.448 12.87 11.75 91.5 0.0 0.0 0
149 64.276 14.81 14.81 92.7 0.0 0.0 0
150 64.448 16.14 15.41 92.4 0.0 0.0 0
151 64.428 13.48 20.09 92.4 0.0 0.0 0
152 64.526 14.32 14.43 94.0 0.0 0.0 0
153 64.46 17.16 14.59 92.9 0.0 0.0 0
154 64.36 18.73 18.73 92.5 0.0 0.0 0
155 64.38 15.02 17.32 94.4 0.0 0.0 0
156 64.24 17.7 17.7 94.4 0.0 0.0 0
157 64.296 13.44 13.44 94.8 0.0 0.0 0
158 64.174 12.16 14.56 93.9 0.0 0.0 0
159 64.328 14.13 14.13 93.6 0.0 0.0 0
160 64.416 14.9 13.54 94.0 0.0 0.0 0
161 64.14 16.06 17.79 94.1 0.0 0.0 0
162 64.388 17.18 16.61 93.8 0.0 0.0 0
163 64.548 10.5 10.93 94.6 0.0 0.0 0
164 64.342 15.23 15.23 94.6 0.0 0.0 0
165 64.548 12.48 10.58 93.8 0.0 0.0 0
166 64.39 11.71 11.58 94.1 0.0 0.0 0
167 64.552 10.98 11.54 93.5 0.0 0.0 0
169 64.354 13.09 13.09 95.1 0.0 0.0 0
171 64.332 13.7 13.7 93.7 0.0 0.0 0
172 64.374 14.0 12.12 94.4 0.0 0.0 0
173 64.486 14.23 13.12 92.5 0.0 0.0 0
174 64.086 16.98 19.74 93.4 0.0 0.0 0
175 64.4 16.39 14.01 94.6 0.0 0.0 0
176 64.468 14.27 11.69 94.6 0.0 0.0 0
177 64.458 17.09 14.35 93.8 0.0 0.0 0
178 64.346 14.9 14.9 94.6 0.0 0.0 0
179 64.308 11.03 11.03 94.6 0.0 0.0 0
180 64.386 11.2 10.89 93.6 0.0 0.0 0
181 64.178 12.02 13.86 94.1 0.0 0.0 0
182 64.522 11.72 13.9 92.6 0.0 0.0 0
183 64.224 11.7 11.7 94.1 0.0 0.0 0
184 64.292 14.15 14.15 91.8 0.0 0.0 0
185 64.522 14.72 16.19 94.5 0.0 0.0 0
186 64.276 14.86 14.86 94.8 0.0 0.0 0
187 64.454 13.78 15.36 95.0 0.0 0.0 0
188 64.332 15.76 15.76 96.3 0.0 0.0 0
189 64.472 17.2 15.67 96.0 0.0 0.0 0
190 64.284 14.39 14.39 92.5 0.0 0.0 0
191 64.33 15.22 15.22 91.4 0.0 0.0 0
192 64.3 12.73 12.73 96.0 0.0 0.0 0
193 64.548 15.01 16.23 93.8 0.0 0.0 0
194 64.358 14.2 14.2 92.1 0.0 0.0 0
195 64.332 10.72 10.72 94.1 0.0 0.0 0
196 64.492 13.7 12.5 96.0 0.0 0.0 0
197 64.186 12.22 12.55 95.4 0.0 0.0 0
198 64.332 15.64 15.64 93.0 0.0 0.0 0
199 64.252 15.24 15.24 93.8 0.0 0.0 0
200 64.354 13.98 13.98 94.4 0.0 0.0 0
201 64.306 14.05 14.05 93.1 0.0 0.0 0
202 64.274 14.98 14.98 92.1 0.0 0.0 0
203 64.244 14.76 14.76 93.4 0.0 0.0 0
204 64.374 14.09 18.33 95.9 0.0 0.0 0
205 64.284 15.34 15.34 94.9 0.0 0.0 0
206 64.34 15.48 15.48 94.5 0.0 0.0 0
207 64.314 15.14 15.14 92.4 0.0 0.0 0
208 64.358 13.79 13.79 94.0 0.0 0.0 0
209 64.398 12.82 12.45 94.8 0.0 0.0 0
210 64.6 14.72 18.86 93.5 0.0 0.0 0
211 64.51 10.65 11.39 92.7 0.0 0.0 0
212 64.538 13.51 15.22 94.6 0.0 0.0 0
213 64.404 16.47 16.52 95.5 0.0 0.0 0
214 64.26 15.51 15.51 94.2 0.0 0.0 0
215 64.094 12.95 15.85 94.9 0.0 0.0 0
216 64.198 12.36 15.71 94.7 0.0 0.0 0
218 64.286 14.47 14.47 93.9 0.0 0.0 0
219 64.192 13.6 13.83 94.0 0.0 0.0 0
220 64.09 15.07 17.31 92.1 0.0 0.0 0
221 64.304 14.56 14.56 94.0 0.0 0.0 0
222 63.982 14.75 18.56 94.9 0.0 0.0 0
223 64.358 12.96 12.96 93.0 0.0 0.0 0
224 64.358 12.86 12.86 91.8 0.0 0.0 0
225 64.42 13.21 13.85 92.5 0.0 0.0 0
226 64.472 14.29 13.3 94.6 0.0 0.0 0
227 64.154 13.68 15.27 95.2 0.0 0.0 0
228 64.002 14.5 17.02 94.2 0.0 0.0 0
229 64.296 14.22 14.22 91.2 0.0 0.0 0
230 64.428 15.11 15.2 92.7 0.0 0.0 0
231 64.22 14.75 14.75 95.4 0.0 0.0 0
232 64.14 14.5 17.38 94.1 0.0 0.0 0
233 64.19 12.18 14.19 94.5 0.0 0.0 0
234 64.172 13.21 15.19 94.5 0.0 0.0 0
235 64.25 14.98 14.98 95.1 0.0 0.0 0
236 64.37 16.96 15.34 94.5 0.0 0.0 0
237 64.17 15.61 18.41 94.4 0.0 0.0 0
238 64.172 14.82 14.07 95.5 0.0 0.0 0
239 64.338 12.88 12.88 94.6 0.0 0.0 0
240 64.194 14.71 15.9 94.6 0.0 0.0 0
241 64.15 13.88 15.47 92.0 0.0 0.0 0
242 64.414 13.17 13.29 91.4 0.0 0.0 0
243 64.256 13.94 13.94 92.4 0.0 0.0 0
244 64.36 13.69 13.69 91.7 0.0 0.0 0
245 64.366 16.72 16.2 92.7 0.0 0.0 0
246 64.344 13.36 13.36 93.1 0.0 0.0 0
247 64.466 15.08 14.56 91.4 0.0 0.0 0
248 64.23 14.87 14.87 93.1 0.0 0.0 0
249 64.366 14.89 13.57 93.2 0.0 0.0 0
250 64.326 11.99 11.99 92.9 0.0 0.0 0
251 64.316 13.64 13.64 92.4 0.0 0.0 0
252 64.042 14.11 17.84 93.2 0.0 0.0 0
254 64.5 12.31 12.3 90.2 0.0 0.0 0
255 64.474 12.71 12.03 93.8 0.0 0.0 0
256 64.624 14.98 15.78 92.4 0.0 0.0 0
257 64.202 15.67 15.67 93.6 0.0 0.0 0
258 64.406 12.74 12.8 93.2 0.0 0.0 0
259 64.488 12.14 13.41 93.1 0.0 0.0 0
260 64.568 14.06 13.56 93.3 0.0 0.0 0
261 64.418 13.91 13.84 93.8 0.0 0.0 0
262 64.292 15.44 15.44 92.3 0.0 0.0 0
