tests/resources/spe_LST_2025-02-15-used.ecsv
# %ECSV 1.0
# ---
# datatype:
# - {name: amplitude, datatype: float64}
# - {name: frequency (prompt), datatype: float64}
# - {name: frequency (prompt+afterpulsing), datatype: float64}
# meta: !!omap
# - comments: [Norm_spe processing of single-p.e. response., Table with 250 rows has been read from file /tmp/tmpk7cuwv9n, Scaling x axis
#       by factor 0.995334, Scaling y axis by factor 0.0527663, Folding in afterpulse spectrum from file '/tmp/tmpgzygt1l3' enforcing
#       uniform, sampling of 2109 steps of size 0.019907 from 0.009953 to 41.973234., 'Afterpulse ratio (prompt x AP folded) above 1.000000
#       mean p.e.: 0.555332', 'Mean(prompt) = 1.000, peak at 1.174 (sum=1.000)', 'Fraction of events below 10% of mean: 0.044', 'Fraction
#       of events below 20% of mean: 0.083', 'Fraction of events below 30% of mean: 0.117', 'Sqrt(Excess noise factor): 1.103, ENF = 1.216',
#     'Note: collection efficiency losses should be included in low amplitude signals.', Rebinning to 2101 uniform steps of size 0.020000
#       from 0.000000 to 42.000000.]
# - CTA:
#     ACTIVITY:
#       END: '2025-03-20T08:30:02+00:00'
#       ID: a6b4213b-0c53-4e11-8692-ec082b08852e
#       NAME: derive_photon_electron_spectrum
#       SOFTWARE: {NAME: simtools, VERSION: 0.13.1.dev29+geba9af768}
#       START: '2025-03-20T08:30:02+00:00'
#       TYPE: software
#     CONTACT: {NAME: G.Maier, ORCID: 0000-0001-9868-4700, ORGANIZATION: CTAO}
#     PROCESS: {TYPE: simulation}
#     PRODUCT:
#       CREATION_TIME: '2025-03-20T08:30:02+00:00'
#       DATA:
#         CATEGORY: SIM
#         LEVEL: R1
#         MODEL: {NAME: single_pe_spectrum, URL: 'https://raw.githubusercontent.com/gammasim/simtools/main/src/simtools/schemas//model_parameters/pm_photoelectron_spectrum.schema.yml',
#           VERSION: 0.0.0}
#         TYPE: Service
#       FILENAME: test_single_pe_lst.ecsv
#       FORMAT: ecsv
#       ID: 6c02eca1-567b-4cda-b48d-398d28039928
#     REFERENCE: {VERSION: 1.0.0}
# schema: astropy-2.0
amplitude "frequency (prompt)" "frequency (prompt+afterpulsing)"
0.0 0.4694 0.4694
0.02 0.46378 0.46378
0.04 0.45267 0.45267
0.06 0.44172 0.44172
0.08 0.43095 0.43095
0.1 0.42037 0.42037
0.12 0.41002 0.41002
0.14 0.39991 0.39991
0.16 0.39008 0.39008
0.18 0.38055 0.38055
0.2 0.37138 0.37138
0.22 0.36259 0.36259
0.24 0.35425 0.35425
0.26 0.34638 0.34638
0.28 0.33907 0.33907
0.3 0.33236 0.33236
0.32 0.32632 0.32632
0.34 0.32101 0.32101
0.36 0.31652 0.31652
0.38 0.31292 0.31292
0.4 0.31028 0.31028
0.42 0.30868 0.30868
0.44 0.3082 0.3082
0.46 0.30893 0.30893
0.48 0.31093 0.31093
0.5 0.31427 0.31427
0.52 0.31903 0.31903
0.54 0.32525 0.32525
0.56 0.33299 0.33299
0.58 0.34227 0.34227
0.6 0.35312 0.35312
0.62 0.36553 0.36553
0.64 0.3795 0.3795
0.66 0.39497 0.39497
0.68 0.4119 0.4119
0.7 0.43017 0.43017
0.72 0.44968 0.44968
0.74 0.47027 0.47027
0.76 0.49173 0.49173
0.78 0.51383 0.51383
0.8 0.53619 0.53619
0.82 0.55814 0.55814
0.84 0.5875 0.5875
0.86 0.62269 0.62269
0.88 0.65875 0.65875
0.9 0.6943 0.6943
0.92 0.72905 0.72905
0.94 0.76269 0.76269
0.96 0.79492 0.79492
0.98 0.82543 0.82543
1.0 0.85392 0.85392
1.02 0.8801 0.8801
1.04 0.90372 0.90372
1.06 0.92453 0.92453
1.08 0.94229 0.94229
1.1 0.95682 0.95682
1.12 0.96796 0.96796
1.14 0.9756 0.9756
1.16 0.97963 0.97963
1.18 0.98002 0.98002
1.2 0.97677 0.97677
1.22 0.96991 0.96991
1.24 0.95951 0.95951
1.26 0.94569 0.94569
1.28 0.9286 0.9286
1.3 0.90844 0.90844
1.32 0.8854 0.8854
1.34 0.85973 0.85973
1.36 0.8317 0.83171
1.38 0.8016 0.8016
1.4 0.76971 0.76971
1.42 0.73634 0.73634
1.44 0.70179 0.70179
1.46 0.66638 0.66638
1.48 0.6304 0.6304
1.5 0.59414 0.59414
1.52 0.55788 0.55788
1.54 0.52189 0.52189
1.56 0.4864 0.4864
1.58 0.45164 0.45164
1.6 0.4178 0.4178
1.62 0.38505 0.38506
1.64 0.35356 0.35356
1.66 0.32343 0.32343
1.68 0.29476 0.29477
1.7 0.26764 0.26764
1.72 0.24211 0.24211
1.74 0.2182 0.2182
1.76 0.19591 0.19591
1.78 0.17525 0.17525
1.8 0.15618 0.15619
1.82 0.13867 0.13868
1.84 0.12267 0.12267
1.86 0.1081 0.10811
1.88 0.094914 0.094918
1.9 0.083024 0.083028
1.92 0.072352 0.072356
1.94 0.062818 0.062822
1.96 0.054336 0.05434
1.98 0.046825 0.046829
2.0 0.040201 0.040206
2.02 0.034386 0.034391
2.04 0.029303 0.029307
2.06 0.024877 0.024882
2.08 0.021042 0.021047
2.1 0.017731 0.017736
2.12 0.014886 0.014891
2.14 0.012451 0.012456
2.16 0.010377 0.010382
2.18 0.0086156 0.0086215
2.2 0.0071268 0.0071329
2.22 0.0058735 0.0058798
2.24 0.0048226 0.004829
2.26 0.0039449 0.0039516
2.28 0.0032151 0.0032219
2.3 0.0026105 0.0026174
2.32 0.0021117 0.0021188
2.34 0.0017019 0.0017092
2.36 0.0013665 0.0013739
2.38 0.0010931 0.0011007
2.4 0.0008712 0.0008789
2.42 0.00069174 0.00069958
2.44 0.00054722 0.00055517
2.46 0.00043128 0.00043935
2.48 0.00033864 0.00034681
2.5 0.00026491 0.00027318
2.52 0.00020646 0.00021483
2.54 0.00016031 0.00016876
2.56 0.00012402 0.00013255
2.58 9.5583e-05 0.00010418
2.6 7.3394e-05 8.2054e-05
2.62 5.6146e-05 6.4863e-05
2.64 4.2793e-05 5.1559e-05
2.66 3.2494e-05 4.1304e-05
2.68 2.4582e-05 3.343e-05
2.7 1.8527e-05 2.7408e-05
2.72 1.3912e-05 2.2821e-05
2.74 1.0408e-05 1.9339e-05
2.76 7.7571e-06 1.6707e-05
2.78 5.7601e-06 1.4724e-05
2.8 4.2613e-06 1.3236e-05
2.82 3.1408e-06 1.2122e-05
2.84 2.3063e-06 1.1292e-05
2.86 1.6873e-06 1.0674e-05
2.88 1.2298e-06 1.0214e-05
2.9 8.9303e-07 9.8737e-06
2.92 6.4607e-07 9.6206e-06
2.94 4.6567e-07 9.4322e-06
2.96 3.344e-07 9.2913e-06
2.98 2.3924e-07 9.185e-06
3.0 1.7052e-07 9.1039e-06
3.02 1.2109e-07 9.0409e-06
3.04 8.5669e-08 8.991e-06
3.06 6.0384e-08 8.9503e-06
3.08 4.2404e-08 8.9161e-06
3.1 2.9667e-08 8.8866e-06
3.12 2.0678e-08 8.8603e-06
3.14 1.436e-08 8.8362e-06
3.16 9.9349e-09 8.8135e-06
3.18 6.848e-09 8.7919e-06
3.2 4.7027e-09 8.7709e-06
3.22 3.2175e-09 8.7504e-06
3.24 2.1931e-09 8.7301e-06
3.26 1.4893e-09 8.71e-06
3.28 1.0077e-09 8.6899e-06
3.3 6.7922e-10 8.6699e-06
3.32 4.5613e-10 8.6499e-06
3.34 3.0518e-10 8.6299e-06
3.36 2.0342e-10 8.61e-06
3.38 1.3509e-10 8.5899e-06
3.4 8.9382e-11 8.5699e-06
3.42 5.8918e-11 8.5499e-06
3.44 3.8692e-11 8.5298e-06
3.46 2.5316e-11 8.5098e-06
3.48 1.6502e-11 8.4897e-06
3.5 1.0717e-11 8.4697e-06
3.52 6.9339e-12 8.4496e-06
3.54 4.4696e-12 8.4295e-06
3.56 2.8704e-12 8.4095e-06
3.58 1.8366e-12 8.3894e-06
3.6 1.1707e-12 8.3693e-06
3.62 7.4349e-13 8.3493e-06
3.64 4.7042e-13 8.3293e-06
3.66 2.9653e-13 8.3092e-06
3.68 1.8623e-13 8.2892e-06
3.7 1.1652e-13 8.2692e-06
3.72 7.2634e-14 8.2491e-06
3.74 4.5108e-14 8.2291e-06
3.76 2.791e-14 8.2091e-06
3.78 1.7205e-14 8.1892e-06
3.8 1.0566e-14 8.1692e-06
3.82 6.4649e-15 8.1492e-06
3.84 3.9408e-15 8.1293e-06
3.86 2.3933e-15 8.1093e-06
3.88 1.4481e-15 8.0894e-06
3.9 8.7291e-16 8.0695e-06
3.92 5.2424e-16 8.0495e-06
3.94 3.1367e-16 8.0296e-06
3.96 1.8698e-16 8.0097e-06
3.98 1.1104e-16 7.9899e-06
4.0 6.5702e-17 7.97e-06
4.02 3.8729e-17 7.9501e-06
4.04 2.2745e-17 7.9303e-06
4.06 1.3308e-17 7.9105e-06
4.08 7.7575e-18 7.8906e-06
4.1 4.5052e-18 7.8708e-06
4.12 2.6067e-18 7.851e-06
4.14 1.5026e-18 7.8313e-06
4.16 8.6291e-19 7.8115e-06
4.18 4.9372e-19 7.7917e-06
4.2 2.8143e-19 7.772e-06
4.22 1.5983e-19 7.7522e-06
4.24 9.0428e-20 7.7325e-06
4.26 5.0973e-20 7.7128e-06
4.28 2.8626e-20 7.6931e-06
4.3 1.6016e-20 7.6735e-06
4.32 8.9274e-21 7.6538e-06
4.34 4.9577e-21 7.6341e-06
4.36 2.7429e-21 7.6145e-06
4.38 1.5119e-21 7.5949e-06
4.4 8.3028e-22 7.5753e-06
4.42 4.5425e-22 7.5557e-06
4.44 2.476e-22 7.5361e-06
4.46 1.3446e-22 7.5166e-06
4.48 7.2743e-23 7.497e-06
4.5 3.9209e-23 7.4775e-06
4.52 2.1055e-23 7.458e-06
4.54 1.1264e-23 7.4385e-06
4.56 6.0038e-24 7.419e-06
4.58 3.1881e-24 7.3995e-06
4.6 1.6866e-24 7.3801e-06
4.62 8.8894e-25 7.3606e-06
4.64 4.6678e-25 7.3412e-06
4.66 2.4419e-25 7.3218e-06
4.68 1.2727e-25 7.3024e-06
4.7 6.6083e-26 7.2831e-06
4.72 3.4185e-26 7.2637e-06
4.74 1.7618e-26 7.2444e-06
4.76 9.0462e-27 7.2251e-06
4.78 4.6275e-27 7.2058e-06
4.8 2.3583e-27 7.1865e-06
4.82 1.1974e-27 7.1672e-06
4.84 6.0568e-28 7.148e-06
4.86 3.0523e-28 7.1287e-06
4.88 1.5325e-28 7.1095e-06
4.9 7.6652e-29 7.0903e-06
4.92 3.8198e-29 7.0712e-06
4.94 1.8964e-29 7.052e-06
4.96 9.3796e-30 7.0329e-06
4.98 6.9808e-30 7.0138e-06
5.0 2.2899e-30 6.9947e-06
5.02 0.0 6.9756e-06
5.04 0.0 6.9565e-06
5.06 0.0 6.9375e-06
5.08 0.0 6.9184e-06
5.1 0.0 6.8994e-06
5.12 0.0 6.8805e-06
5.14 0.0 6.8615e-06
5.16 0.0 6.8426e-06
5.18 0.0 6.8236e-06
5.2 0.0 6.8047e-06
5.22 0.0 6.7858e-06
5.24 0.0 6.767e-06
5.26 0.0 6.7481e-06
5.28 0.0 6.7293e-06
5.3 0.0 6.7105e-06
5.32 0.0 6.6917e-06
5.34 0.0 6.673e-06
5.36 0.0 6.6542e-06
5.38 0.0 6.6355e-06
5.4 0.0 6.6168e-06
5.42 0.0 6.5981e-06
5.44 0.0 6.5795e-06
5.46 0.0 6.5608e-06
5.48 0.0 6.5422e-06
5.5 0.0 6.5236e-06
5.52 0.0 6.5051e-06
5.54 0.0 6.4865e-06
5.56 0.0 6.468e-06
5.58 0.0 6.4495e-06
5.6 0.0 6.431e-06
5.62 0.0 6.4126e-06
5.64 0.0 6.3941e-06
5.66 0.0 6.3757e-06
5.68 0.0 6.3573e-06
5.7 0.0 6.339e-06
5.72 0.0 6.3206e-06
5.74 0.0 6.3023e-06
5.76 0.0 6.284e-06
5.78 0.0 6.2658e-06
5.8 0.0 6.2475e-06
5.82 0.0 6.2293e-06
5.84 0.0 6.2111e-06
5.86 0.0 6.1929e-06
5.88 0.0 6.1748e-06
5.9 0.0 6.1566e-06
5.92 0.0 6.1385e-06
5.94 0.0 6.1204e-06
5.96 0.0 6.1024e-06
5.98 0.0 6.0844e-06
6.0 0.0 6.0663e-06
6.02 0.0 6.0484e-06
6.04 0.0 6.0304e-06
6.06 0.0 6.0125e-06
6.08 0.0 5.9946e-06
6.1 0.0 5.9767e-06
6.12 0.0 5.9588e-06
6.14 0.0 5.941e-06
6.16 0.0 5.9232e-06
6.18 0.0 5.9054e-06
6.2 0.0 5.8876e-06
6.22 0.0 5.8699e-06
6.24 0.0 5.8522e-06
6.26 0.0 5.8345e-06
6.28 0.0 5.8169e-06
6.3 0.0 5.7992e-06
6.32 0.0 5.7816e-06
6.34 0.0 5.7641e-06
6.36 0.0 5.7465e-06
6.38 0.0 5.729e-06
6.4 0.0 5.7115e-06
6.42 0.0 5.694e-06
6.44 0.0 5.6766e-06
6.46 0.0 5.6592e-06
6.48 0.0 5.6418e-06
6.5 0.0 5.6244e-06
6.52 0.0 5.6071e-06
6.54 0.0 5.5898e-06
6.56 0.0 5.5725e-06
6.58 0.0 5.5552e-06
6.6 0.0 5.538e-06
6.62 0.0 5.5208e-06
6.64 0.0 5.5036e-06
6.66 0.0 5.4865e-06
6.68 0.0 5.4694e-06
6.7 0.0 5.4523e-06
6.72 0.0 5.4352e-06
6.74 0.0 5.4182e-06
6.76 0.0 5.4012e-06
6.78 0.0 5.3842e-06
6.8 0.0 5.3672e-06
6.82 0.0 5.3503e-06
6.84 0.0 5.3334e-06
6.86 0.0 5.3165e-06
6.88 0.0 5.2997e-06
6.9 0.0 5.2829e-06
6.92 0.0 5.2661e-06
6.94 0.0 5.2493e-06
6.96 0.0 5.2326e-06
6.98 0.0 5.2159e-06
7.0 0.0 5.1993e-06
7.02 0.0 5.1826e-06
7.04 0.0 5.166e-06
7.06 0.0 5.1494e-06
7.08 0.0 5.1329e-06
7.1 0.0 5.1163e-06
7.12 0.0 5.0998e-06
7.14 0.0 5.0834e-06
7.16 0.0 5.0669e-06
7.18 0.0 5.0505e-06
7.2 0.0 5.0341e-06
7.22 0.0 5.0178e-06
7.24 0.0 5.0015e-06
7.26 0.0 4.9852e-06
7.28 0.0 4.9689e-06
7.3 0.0 4.9527e-06
7.32 0.0 4.9365e-06
7.34 0.0 4.9203e-06
7.36 0.0 4.9042e-06
7.38 0.0 4.8881e-06
7.4 0.0 4.872e-06
7.42 0.0 4.8559e-06
7.44 0.0 4.8399e-06
7.46 0.0 4.8239e-06
7.48 0.0 4.8079e-06
7.5 0.0 4.792e-06
7.52 0.0 4.7761e-06
7.54 0.0 4.7602e-06
7.56 0.0 4.7444e-06
7.58 0.0 4.7286e-06
7.6 0.0 4.7128e-06
7.62 0.0 4.697e-06
7.64 0.0 4.6813e-06
7.66 0.0 4.6656e-06
7.68 0.0 4.65e-06
7.7 0.0 4.6343e-06
7.72 0.0 4.6187e-06
7.74 0.0 4.6032e-06
7.76 0.0 4.5876e-06
7.78 0.0 4.5721e-06
7.8 0.0 4.5567e-06
7.82 0.0 4.5412e-06
7.84 0.0 4.5258e-06
7.86 0.0 4.5104e-06
7.88 0.0 4.4951e-06
7.9 0.0 4.4797e-06
7.92 0.0 4.4644e-06
7.94 0.0 4.4492e-06
7.96 0.0 4.434e-06
7.98 0.0 4.4188e-06
8.0 0.0 4.4036e-06
8.02 0.0 4.3885e-06
8.04 0.0 4.3734e-06
8.06 0.0 4.3583e-06
8.08 0.0 4.3432e-06
8.1 0.0 4.3282e-06
8.12 0.0 4.3133e-06
8.14 0.0 4.2983e-06
8.16 0.0 4.2834e-06
8.18 0.0 4.2685e-06
8.2 0.0 4.2537e-06
8.22 0.0 4.2388e-06
8.24 0.0 4.2241e-06
8.26 0.0 4.2093e-06
8.28 0.0 4.1946e-06
8.3 0.0 4.1799e-06
8.32 0.0 4.1652e-06
8.34 0.0 4.1506e-06
8.36 0.0 4.136e-06
8.38 0.0 4.1214e-06
8.4 0.0 4.1069e-06
8.42 0.0 4.0924e-06
8.44 0.0 4.0779e-06
8.46 0.0 4.0635e-06
8.48 0.0 4.0491e-06
8.5 0.0 4.0347e-06
8.52 0.0 4.0203e-06
8.54 0.0 4.006e-06
8.56 0.0 3.9918e-06
8.58 0.0 3.9775e-06
8.6 0.0 3.9633e-06
8.62 0.0 3.9491e-06
8.64 0.0 3.935e-06
8.66 0.0 3.9208e-06
8.68 0.0 3.9068e-06
8.7 0.0 3.8927e-06
8.72 0.0 3.8787e-06
8.74 0.0 3.8647e-06
8.76 0.0 3.8507e-06
8.78 0.0 3.8368e-06
8.8 0.0 3.8229e-06
8.82 0.0 3.8091e-06
8.84 0.0 3.7952e-06
8.86 0.0 3.7814e-06
8.88 0.0 3.7677e-06
8.9 0.0 3.7539e-06
8.92 0.0 3.7402e-06
8.94 0.0 3.7266e-06
8.96 0.0 3.7129e-06
8.98 0.0 3.6993e-06
9.0 0.0 3.6858e-06
9.02 0.0 3.6722e-06
9.04 0.0 3.6587e-06
9.06 0.0 3.6452e-06
9.08 0.0 3.6318e-06
9.1 0.0 3.6184e-06
9.12 0.0 3.605e-06
9.14 0.0 3.5917e-06
9.16 0.0 3.5784e-06
9.18 0.0 3.5651e-06
9.2 0.0 3.5518e-06
9.22 0.0 3.5386e-06
9.24 0.0 3.5254e-06
9.26 0.0 3.5123e-06
9.28 0.0 3.4992e-06
9.3 0.0 3.4861e-06
9.32 0.0 3.473e-06
9.34 0.0 3.46e-06
9.36 0.0 3.447e-06
9.38 0.0 3.4341e-06
9.4 0.0 3.4212e-06
9.42 0.0 3.4083e-06
9.44 0.0 3.3954e-06
9.46 0.0 3.3826e-06
9.48 0.0 3.3698e-06
9.5 0.0 3.357e-06
9.52 0.0 3.3443e-06
9.54 0.0 3.3316e-06
9.56 0.0 3.3189e-06
9.58 0.0 3.3063e-06
9.6 0.0 3.2937e-06
9.62 0.0 3.2812e-06
9.64 0.0 3.2686e-06
9.66 0.0 3.2561e-06
9.68 0.0 3.2437e-06
9.7 0.0 3.2312e-06
9.72 0.0 3.2188e-06
9.74 0.0 3.2064e-06
9.76 0.0 3.1941e-06
9.78 0.0 3.1818e-06
9.8 0.0 3.1695e-06
9.82 0.0 3.1573e-06
9.84 0.0 3.1451e-06
9.86 0.0 3.1329e-06
9.88 0.0 3.1208e-06
9.9 0.0 3.1087e-06
9.92 0.0 3.0966e-06
9.94 0.0 3.0845e-06
9.96 0.0 3.0725e-06
9.98 0.0 3.0605e-06
10.0 0.0 3.0486e-06
10.02 0.0 3.0367e-06
10.04 0.0 3.0248e-06
10.06 0.0 3.0129e-06
10.08 0.0 3.0011e-06
10.1 0.0 2.9893e-06
10.12 0.0 2.9776e-06
10.14 0.0 2.9658e-06
10.16 0.0 2.9541e-06
10.18 0.0 2.9425e-06
10.2 0.0 2.9309e-06
10.22 0.0 2.9193e-06
10.24 0.0 2.9077e-06
10.26 0.0 2.8962e-06
10.28 0.0 2.8847e-06
10.3 0.0 2.8732e-06
10.32 0.0 2.8618e-06
10.34 0.0 2.8504e-06
10.36 0.0 2.839e-06
10.38 0.0 2.8276e-06
10.4 0.0 2.8163e-06
10.42 0.0 2.8051e-06
10.44 0.0 2.7938e-06
10.46 0.0 2.7826e-06
10.48 0.0 2.7714e-06
10.5 0.0 2.7603e-06
10.52 0.0 2.7492e-06
10.54 0.0 2.7381e-06
10.56 0.0 2.727e-06
10.58 0.0 2.716e-06
10.6 0.0 2.705e-06
10.62 0.0 2.6941e-06
10.64 0.0 2.6831e-06
10.66 0.0 2.6722e-06
10.68 0.0 2.6614e-06
10.7 0.0 2.6505e-06
10.72 0.0 2.6397e-06
10.74 0.0 2.629e-06
10.76 0.0 2.6182e-06
10.78 0.0 2.6075e-06
10.8 0.0 2.5969e-06
10.82 0.0 2.5862e-06
10.84 0.0 2.5756e-06
10.86 0.0 2.565e-06
10.88 0.0 2.5545e-06
10.9 0.0 2.544e-06
10.92 0.0 2.5335e-06
10.94 0.0 2.523e-06
10.96 0.0 2.5126e-06
10.98 0.0 2.5022e-06
11.0 0.0 2.4918e-06
11.02 0.0 2.4815e-06
11.04 0.0 2.4712e-06
11.06 0.0 2.461e-06
11.08 0.0 2.4507e-06
11.1 0.0 2.4405e-06
11.12 0.0 2.4303e-06
11.14 0.0 2.4202e-06
11.16 0.0 2.4101e-06
11.18 0.0 2.4e-06
11.2 0.0 2.3899e-06
11.22 0.0 2.3799e-06
11.24 0.0 2.3699e-06
11.26 0.0 2.36e-06
11.28 0.0 2.3501e-06
11.3 0.0 2.3402e-06
11.32 0.0 2.3303e-06
11.34 0.0 2.3205e-06
11.36 0.0 2.3107e-06
11.38 0.0 2.3009e-06
11.4 0.0 2.2911e-06
11.42 0.0 2.2814e-06
11.44 0.0 2.2717e-06
11.46 0.0 2.2621e-06
11.48 0.0 2.2525e-06
11.5 0.0 2.2429e-06
11.52 0.0 2.2333e-06
11.54 0.0 2.2238e-06
11.56 0.0 2.2143e-06
11.58 0.0 2.2048e-06
11.6 0.0 2.1954e-06
11.62 0.0 2.1859e-06
11.64 0.0 2.1766e-06
11.66 0.0 2.1672e-06
11.68 0.0 2.1579e-06
11.7 0.0 2.1486e-06
11.72 0.0 2.1393e-06
11.74 0.0 2.1301e-06
11.76 0.0 2.1209e-06
11.78 0.0 2.1117e-06
11.8 0.0 2.1026e-06
11.82 0.0 2.0935e-06
11.84 0.0 2.0844e-06
11.86 0.0 2.0753e-06
11.88 0.0 2.0663e-06
11.9 0.0 2.0573e-06
11.92 0.0 2.0484e-06
11.94 0.0 2.0394e-06
11.96 0.0 2.0305e-06
11.98 0.0 2.0216e-06
12.0 0.0 2.0128e-06
12.02 0.0 2.004e-06
12.04 0.0 1.9952e-06
12.06 0.0 1.9864e-06
12.08 0.0 1.9777e-06
12.1 0.0 1.969e-06
12.12 0.0 1.9603e-06
12.14 0.0 1.9517e-06
12.16 0.0 1.9431e-06
12.18 0.0 1.9345e-06
12.2 0.0 1.9259e-06
12.22 0.0 1.9174e-06
12.24 0.0 1.9089e-06
12.26 0.0 1.9004e-06
12.28 0.0 1.892e-06
12.3 0.0 1.8836e-06
12.32 0.0 1.8752e-06
12.34 0.0 1.8668e-06
12.36 0.0 1.8585e-06
12.38 0.0 1.8502e-06
12.4 0.0 1.8419e-06
12.42 0.0 1.8337e-06
12.44 0.0 1.8254e-06
12.46 0.0 1.8173e-06
12.48 0.0 1.8091e-06
12.5 0.0 1.801e-06
12.52 0.0 1.7929e-06
12.54 0.0 1.7848e-06
12.56 0.0 1.7767e-06
12.58 0.0 1.7687e-06
12.6 0.0 1.7607e-06
12.62 0.0 1.7528e-06
12.64 0.0 1.7448e-06
12.66 0.0 1.7369e-06
12.68 0.0 1.729e-06
12.7 0.0 1.7212e-06
12.72 0.0 1.7134e-06
12.74 0.0 1.7056e-06
12.76 0.0 1.6978e-06
12.78 0.0 1.6901e-06
12.8 0.0 1.6823e-06
12.82 0.0 1.6747e-06
12.84 0.0 1.667e-06
12.86 0.0 1.6594e-06
12.88 0.0 1.6518e-06
12.9 0.0 1.6442e-06
12.92 0.0 1.6366e-06
12.94 0.0 1.6291e-06
12.96 0.0 1.6216e-06
12.98 0.0 1.6141e-06
13.0 0.0 1.6067e-06
13.02 0.0 1.5993e-06
13.04 0.0 1.5919e-06
13.06 0.0 1.5845e-06
13.08 0.0 1.5772e-06
13.1 0.0 1.5699e-06
13.12 0.0 1.5626e-06
13.14 0.0 1.5553e-06
13.16 0.0 1.5481e-06
13.18 0.0 1.5409e-06
13.2 0.0 1.5337e-06
13.22 0.0 1.5265e-06
13.24 0.0 1.5194e-06
13.26 0.0 1.5123e-06
13.28 0.0 1.5052e-06
13.3 0.0 1.4982e-06
13.32 0.0 1.4912e-06
13.34 0.0 1.4842e-06
13.36 0.0 1.4772e-06
13.38 0.0 1.4702e-06
13.4 0.0 1.4633e-06
13.42 0.0 1.4564e-06
13.44 0.0 1.4496e-06
13.46 0.0 1.4427e-06
13.48 0.0 1.4359e-06
13.5 0.0 1.4291e-06
13.52 0.0 1.4223e-06
13.54 0.0 1.4156e-06
13.56 0.0 1.4089e-06
13.58 0.0 1.4022e-06
13.6 0.0 1.3955e-06
13.62 0.0 1.3889e-06
13.64 0.0 1.3823e-06
13.66 0.0 1.3757e-06
13.68 0.0 1.3691e-06
13.7 0.0 1.3626e-06
13.72 0.0 1.356e-06
13.74 0.0 1.3496e-06
13.76 0.0 1.3431e-06
13.78 0.0 1.3366e-06
13.8 0.0 1.3302e-06
13.82 0.0 1.3238e-06
13.84 0.0 1.3175e-06
13.86 0.0 1.3111e-06
13.88 0.0 1.3048e-06
13.9 0.0 1.2985e-06
13.92 0.0 1.2922e-06
13.94 0.0 1.286e-06
13.96 0.0 1.2798e-06
13.98 0.0 1.2736e-06
14.0 0.0 1.2674e-06
14.02 0.0 1.2612e-06
14.04 0.0 1.2551e-06
14.06 0.0 1.249e-06
14.08 0.0 1.2429e-06
14.1 0.0 1.2369e-06
14.12 0.0 1.2308e-06
14.14 0.0 1.2248e-06
14.16 0.0 1.2188e-06
14.18 0.0 1.2129e-06
14.2 0.0 1.2069e-06
14.22 0.0 1.201e-06
14.24 0.0 1.1951e-06
14.26 0.0 1.1893e-06
14.28 0.0 1.1834e-06
14.3 0.0 1.1776e-06
14.32 0.0 1.1718e-06
14.34 0.0 1.166e-06
14.36 0.0 1.1603e-06
14.38 0.0 1.1546e-06
14.4 0.0 1.1488e-06
14.42 0.0 1.1432e-06
14.44 0.0 1.1375e-06
14.46 0.0 1.1319e-06
14.48 0.0 1.1262e-06
14.5 0.0 1.1207e-06
14.52 0.0 1.1151e-06
14.54 0.0 1.1095e-06
14.56 0.0 1.104e-06
14.58 0.0 1.0985e-06
14.6 0.0 1.093e-06
14.62 0.0 1.0876e-06
14.64 0.0 1.0821e-06
14.66 0.0 1.0767e-06
14.68 0.0 1.0713e-06
14.7 0.0 1.0659e-06
14.72 0.0 1.0606e-06
14.74 0.0 1.0553e-06
14.76 0.0 1.05e-06
14.78 0.0 1.0447e-06
14.8 0.0 1.0394e-06
14.82 0.0 1.0342e-06
14.84 0.0 1.029e-06
14.86 0.0 1.0238e-06
14.88 0.0 1.0186e-06
