tests/resources/spe_LST_2025-02-15-used.ecsv
# %ECSV 1.0
# ---
# datatype:
# - {name: amplitude, datatype: float64}
# - {name: frequency (prompt), datatype: float64}
# - {name: frequency (prompt+afterpulsing), datatype: float64}
# meta: !!omap
# - comments: [Norm_spe processing of single-p.e. response., Table with 250 rows has been read from file /tmp/tmpk7cuwv9n, Scaling x axis
#       by factor 0.995334, Scaling y axis by factor 0.0527663, Folding in afterpulse spectrum from file '/tmp/tmpgzygt1l3' enforcing
#       uniform, sampling of 2109 steps of size 0.019907 from 0.009953 to 41.973234., 'Afterpulse ratio (prompt x AP folded) above 1.000000
#       mean p.e.: 0.555332', 'Mean(prompt) = 1.000, peak at 1.174 (sum=1.000)', 'Fraction of events below 10% of mean: 0.044', 'Fraction
#       of events below 20% of mean: 0.083', 'Fraction of events below 30% of mean: 0.117', 'Sqrt(Excess noise factor): 1.103, ENF = 1.216',
#     'Note: collection efficiency losses should be included in low amplitude signals.', Rebinning to 2101 uniform steps of size 0.020000
#       from 0.000000 to 42.000000.]
# - CTA:
#     ACTIVITY:
#       END: '2025-03-20T08:30:02+00:00'
#       ID: a6b4213b-0c53-4e11-8692-ec082b08852e
#       NAME: derive_photon_electron_spectrum
#       SOFTWARE: {NAME: simtools, VERSION: 0.13.1.dev29+geba9af768}
#       START: '2025-03-20T08:30:02+00:00'
#       TYPE: software
#     CONTACT: {NAME: G.Maier, ORCID: 0000-0001-9868-4700, ORGANIZATION: CTAO}
#     PROCESS: {TYPE: simulation}
#     PRODUCT:
#       CREATION_TIME: '2025-03-20T08:30:02+00:00'
#       DATA:
#         CATEGORY: SIM
#         LEVEL: R1
#         MODEL: {NAME: single_pe_spectrum, URL: 'https://raw.githubusercontent.com/gammasim/simtools/main/src/simtools/schemas//model_parameters/pm_photoelectron_spectrum.schema.yml',
#           VERSION: 0.0.0}
#         TYPE: Service
#       FILENAME: test_single_pe_lst.ecsv
#       FORMAT: ecsv
#       ID: 6c02eca1-567b-4cda-b48d-398d28039928
#     REFERENCE: {VERSION: 1.0.0}
# schema: astropy-2.0
amplitude "frequency (prompt)" "frequency (prompt+afterpulsing)"
[from data line 746]
14.92 0.0 1.0083e-06
14.94 0.0 1.0032e-06
14.96 0.0 9.9809e-07
14.98 0.0 9.9302e-07
15.0 0.0 9.8797e-07
15.02 0.0 9.8294e-07
15.04 0.0 9.7793e-07
15.06 0.0 9.7295e-07
15.08 0.0 9.6798e-07
15.1 0.0 9.6304e-07
15.12 0.0 9.5811e-07
15.14 0.0 9.5321e-07
15.16 0.0 9.4833e-07
15.18 0.0 9.4347e-07
15.2 0.0 9.3863e-07
15.22 0.0 9.338e-07
15.24 0.0 9.29e-07
15.26 0.0 9.2422e-07
15.28 0.0 9.1946e-07
15.3 0.0 9.1472e-07
15.32 0.0 9.1e-07
15.34 0.0 9.053e-07
15.36 0.0 9.0062e-07
15.38 0.0 8.9596e-07
15.4 0.0 8.9132e-07
15.42 0.0 8.867e-07
15.44 0.0 8.821e-07
15.46 0.0 8.7752e-07
15.48 0.0 8.7296e-07
15.5 0.0 8.6842e-07
15.52 0.0 8.639e-07
15.54 0.0 8.594e-07
15.56 0.0 8.5491e-07
15.58 0.0 8.5045e-07
15.6 0.0 8.4601e-07
15.62 0.0 8.4158e-07
15.64 0.0 8.3717e-07
15.66 0.0 8.3279e-07
15.68 0.0 8.2842e-07
15.7 0.0 8.2407e-07
15.72 0.0 8.1974e-07
15.74 0.0 8.1543e-07
15.76 0.0 8.1114e-07
15.78 0.0 8.0686e-07
15.8 0.0 8.0261e-07
15.82 0.0 7.9837e-07
15.84 0.0 7.9416e-07
15.86 0.0 7.8996e-07
15.88 0.0 7.8578e-07
15.9 0.0 7.8162e-07
15.92 0.0 7.7747e-07
15.94 0.0 7.7335e-07
15.96 0.0 7.6924e-07
15.98 0.0 7.6515e-07
16.0 0.0 7.6108e-07
16.02 0.0 7.5703e-07
16.04 0.0 7.5299e-07
16.06 0.0 7.4898e-07
16.08 0.0 7.4498e-07
16.1 0.0 7.41e-07
16.12 0.0 7.3703e-07
16.14 0.0 7.3309e-07
16.16 0.0 7.2916e-07
16.18 0.0 7.2525e-07
16.2 0.0 7.2136e-07
16.22 0.0 7.1748e-07
16.24 0.0 7.1362e-07
16.26 0.0 7.0978e-07
16.28 0.0 7.0596e-07
16.3 0.0 7.0215e-07
16.32 0.0 6.9837e-07
16.34 0.0 6.9459e-07
16.36 0.0 6.9084e-07
16.38 0.0 6.871e-07
16.4 0.0 6.8338e-07
16.42 0.0 6.7968e-07
16.44 0.0 6.7599e-07
16.46 0.0 6.7232e-07
16.48 0.0 6.6867e-07
16.5 0.0 6.6503e-07
16.52 0.0 6.6141e-07
16.54 0.0 6.5781e-07
16.56 0.0 6.5422e-07
16.58 0.0 6.5065e-07
16.6 0.0 6.471e-07
16.62 0.0 6.4356e-07
16.64 0.0 6.4004e-07
16.66 0.0 6.3654e-07
16.68 0.0 6.3305e-07
16.7 0.0 6.2958e-07
16.72 0.0 6.2612e-07
16.74 0.0 6.2268e-07
16.76 0.0 6.1926e-07
16.78 0.0 6.1585e-07
16.8 0.0 6.1245e-07
16.82 0.0 6.0908e-07
16.84 0.0 6.0572e-07
16.86 0.0 6.0237e-07
16.88 0.0 5.9904e-07
16.9 0.0 5.9573e-07
16.92 0.0 5.9243e-07
16.94 0.0 5.8915e-07
16.96 0.0 5.8588e-07
16.98 0.0 5.8263e-07
17.0 0.0 5.7939e-07
17.02 0.0 5.7617e-07
17.04 0.0 5.7296e-07
17.06 0.0 5.6977e-07
17.08 0.0 5.6659e-07
17.1 0.0 5.6343e-07
17.12 0.0 5.6029e-07
17.14 0.0 5.5715e-07
17.16 0.0 5.5404e-07
17.18 0.0 5.5094e-07
17.2 0.0 5.4785e-07
17.22 0.0 5.4478e-07
17.24 0.0 5.4172e-07
17.26 0.0 5.3868e-07
17.28 0.0 5.3565e-07
17.3 0.0 5.3263e-07
17.32 0.0 5.2963e-07
17.34 0.0 5.2665e-07
17.36 0.0 5.2368e-07
17.38 0.0 5.2072e-07
17.4 0.0 5.1778e-07
17.42 0.0 5.1485e-07
17.44 0.0 5.1194e-07
17.46 0.0 5.0904e-07
17.48 0.0 5.0615e-07
17.5 0.0 5.0328e-07
17.52 0.0 5.0042e-07
17.54 0.0 4.9758e-07
17.56 0.0 4.9475e-07
17.58 0.0 4.9193e-07
17.6 0.0 4.8913e-07
17.62 0.0 4.8634e-07
17.64 0.0 4.8356e-07
17.66 0.0 4.808e-07
17.68 0.0 4.7805e-07
17.7 0.0 4.7532e-07
17.72 0.0 4.726e-07
17.74 0.0 4.6989e-07
17.76 0.0 4.6719e-07
17.78 0.0 4.6451e-07
17.8 0.0 4.6184e-07
17.82 0.0 4.5919e-07
17.84 0.0 4.5655e-07
17.86 0.0 4.5392e-07
17.88 0.0 4.513e-07
17.9 0.0 4.487e-07
17.92 0.0 4.4611e-07
17.94 0.0 4.4353e-07
17.96 0.0 4.4097e-07
17.98 0.0 4.3841e-07
18.0 0.0 4.3588e-07
18.02 0.0 4.3335e-07
18.04 0.0 4.3083e-07
18.06 0.0 4.2833e-07
18.08 0.0 4.2584e-07
18.1 0.0 4.2337e-07
18.12 0.0 4.209e-07
18.14 0.0 4.1845e-07
18.16 0.0 4.1601e-07
18.18 0.0 4.1359e-07
18.2 0.0 4.1117e-07
18.22 0.0 4.0877e-07
18.24 0.0 4.0638e-07
18.26 0.0 4.04e-07
18.28 0.0 4.0163e-07
18.3 0.0 3.9928e-07
18.32 0.0 3.9694e-07
18.34 0.0 3.946e-07
18.36 0.0 3.9229e-07
18.38 0.0 3.8998e-07
18.4 0.0 3.8768e-07
18.42 0.0 3.854e-07
18.44 0.0 3.8313e-07
18.46 0.0 3.8087e-07
18.48 0.0 3.7862e-07
18.5 0.0 3.7638e-07
18.52 0.0 3.7415e-07
18.54 0.0 3.7194e-07
18.56 0.0 3.6974e-07
18.58 0.0 3.6754e-07
18.6 0.0 3.6536e-07
18.62 0.0 3.6319e-07
18.64 0.0 3.6104e-07
18.66 0.0 3.5889e-07
18.68 0.0 3.5675e-07
18.7 0.0 3.5463e-07
18.72 0.0 3.5251e-07
18.74 0.0 3.5041e-07
18.76 0.0 3.4832e-07
18.78 0.0 3.4624e-07
18.8 0.0 3.4417e-07
18.82 0.0 3.4211e-07
18.84 0.0 3.4006e-07
18.86 0.0 3.3802e-07
18.88 0.0 3.3599e-07
18.9 0.0 3.3397e-07
18.92 0.0 3.3197e-07
18.94 0.0 3.2997e-07
18.96 0.0 3.2798e-07
18.98 0.0 3.2601e-07
19.0 0.0 3.2404e-07
19.02 0.0 3.2209e-07
19.04 0.0 3.2015e-07
19.06 0.0 3.1821e-07
19.08 0.0 3.1629e-07
19.1 0.0 3.1437e-07
19.12 0.0 3.1247e-07
19.14 0.0 3.1058e-07
19.16 0.0 3.0869e-07
19.18 0.0 3.0682e-07
19.2 0.0 3.0495e-07
19.22 0.0 3.031e-07
19.24 0.0 3.0126e-07
19.26 0.0 2.9942e-07
19.28 0.0 2.976e-07
19.3 0.0 2.9578e-07
19.32 0.0 2.9398e-07
19.34 0.0 2.9218e-07
19.36 0.0 2.904e-07
19.38 0.0 2.8862e-07
19.4 0.0 2.8685e-07
19.42 0.0 2.851e-07
19.44 0.0 2.8335e-07
19.46 0.0 2.8161e-07
19.48 0.0 2.7988e-07
19.5 0.0 2.7816e-07
19.52 0.0 2.7645e-07
19.54 0.0 2.7475e-07
19.56 0.0 2.7306e-07
19.58 0.0 2.7137e-07
19.6 0.0 2.697e-07
19.62 0.0 2.6803e-07
19.64 0.0 2.6638e-07
19.66 0.0 2.6473e-07
19.68 0.0 2.6309e-07
19.7 0.0 2.6146e-07
19.72 0.0 2.5984e-07
19.74 0.0 2.5823e-07
19.76 0.0 2.5663e-07
19.78 0.0 2.5504e-07
19.8 0.0 2.5345e-07
19.82 0.0 2.5187e-07
19.84 0.0 2.5031e-07
19.86 0.0 2.4875e-07
19.88 0.0 2.472e-07
19.9 0.0 2.4565e-07
19.92 0.0 2.4412e-07
19.94 0.0 2.4259e-07
19.96 0.0 2.4108e-07
19.98 0.0 2.3957e-07
20.0 0.0 2.3807e-07
20.02 0.0 2.3658e-07
20.04 0.0 2.3509e-07
20.06 0.0 2.3362e-07
20.08 0.0 2.3215e-07
20.1 0.0 2.3069e-07
20.12 0.0 2.2924e-07
20.14 0.0 2.2779e-07
20.16 0.0 2.2636e-07
20.18 0.0 2.2493e-07
20.2 0.0 2.2351e-07
20.22 0.0 2.221e-07
20.24 0.0 2.207e-07
20.26 0.0 2.193e-07
20.28 0.0 2.1791e-07
20.3 0.0 2.1653e-07
20.32 0.0 2.1516e-07
20.34 0.0 2.138e-07
20.36 0.0 2.1244e-07
20.38 0.0 2.1109e-07
20.4 0.0 2.0975e-07
20.42 0.0 2.0841e-07
20.44 0.0 2.0709e-07
20.46 0.0 2.0577e-07
20.48 0.0 2.0446e-07
20.5 0.0 2.0315e-07
20.52 0.0 2.0185e-07
20.54 0.0 2.0056e-07
20.56 0.0 1.9928e-07
20.58 0.0 1.9801e-07
20.6 0.0 1.9674e-07
20.62 0.0 1.9548e-07
20.64 0.0 1.9422e-07
20.66 0.0 1.9298e-07
20.68 0.0 1.9174e-07
20.7 0.0 1.905e-07
20.72 0.0 1.8928e-07
20.74 0.0 1.8806e-07
20.76 0.0 1.8685e-07
20.78 0.0 1.8564e-07
20.8 0.0 1.8445e-07
20.82 0.0 1.8326e-07
20.84 0.0 1.8207e-07
20.86 0.0 1.809e-07
20.88 0.0 1.7972e-07
20.9 0.0 1.7856e-07
20.92 0.0 1.774e-07
20.94 0.0 1.7625e-07
20.96 0.0 1.7511e-07
20.98 0.0 1.7397e-07
21.0 0.0 1.7284e-07
21.02 0.0 1.7172e-07
21.04 0.0 1.706e-07
21.06 0.0 1.6949e-07
21.08 0.0 1.6839e-07
21.1 0.0 1.6729e-07
21.12 0.0 1.662e-07
21.14 0.0 1.6511e-07
21.16 0.0 1.6403e-07
21.18 0.0 1.6296e-07
21.2 0.0 1.6189e-07
21.22 0.0 1.6083e-07
21.24 0.0 1.5978e-07
21.26 0.0 1.5873e-07
21.28 0.0 1.5769e-07
21.3 0.0 1.5665e-07
21.32 0.0 1.5562e-07
21.34 0.0 1.546e-07
21.36 0.0 1.5358e-07
21.38 0.0 1.5257e-07
21.4 0.0 1.5156e-07
21.42 0.0 1.5056e-07
21.44 0.0 1.4957e-07
21.46 0.0 1.4858e-07
21.48 0.0 1.476e-07
21.5 0.0 1.4662e-07
21.52 0.0 1.4565e-07
21.54 0.0 1.4468e-07
21.56 0.0 1.4373e-07
21.58 0.0 1.4277e-07
21.6 0.0 1.4182e-07
21.62 0.0 1.4088e-07
21.64 0.0 1.3994e-07
21.66 0.0 1.3901e-07
21.68 0.0 1.3809e-07
21.7 0.0 1.3717e-07
21.72 0.0 1.3625e-07
21.74 0.0 1.3534e-07
21.76 0.0 1.3444e-07
21.78 0.0 1.3354e-07
21.8 0.0 1.3265e-07
21.82 0.0 1.3176e-07
21.84 0.0 1.3088e-07
21.86 0.0 1.3e-07
21.88 0.0 1.2913e-07
21.9 0.0 1.2826e-07
21.92 0.0 1.274e-07
21.94 0.0 1.2655e-07
21.96 0.0 1.257e-07
21.98 0.0 1.2485e-07
22.0 0.0 1.2401e-07
22.02 0.0 1.2317e-07
22.04 0.0 1.2234e-07
22.06 0.0 1.2152e-07
22.08 0.0 1.207e-07
22.1 0.0 1.1988e-07
22.12 0.0 1.1907e-07
22.14 0.0 1.1826e-07
22.16 0.0 1.1746e-07
22.18 0.0 1.1667e-07
22.2 0.0 1.1588e-07
22.22 0.0 1.1509e-07
22.24 0.0 1.1431e-07
22.26 0.0 1.1353e-07
22.28 0.0 1.1276e-07
22.3 0.0 1.1199e-07
22.32 0.0 1.1123e-07
22.34 0.0 1.1047e-07
22.36 0.0 1.0972e-07
22.38 0.0 1.0897e-07
22.4 0.0 1.0823e-07
22.42 0.0 1.0749e-07
22.44 0.0 1.0675e-07
22.46 0.0 1.0602e-07
22.48 0.0 1.0529e-07
22.5 0.0 1.0457e-07
22.52 0.0 1.0386e-07
22.54 0.0 1.0314e-07
22.56 0.0 1.0244e-07
22.58 0.0 1.0173e-07
22.6 0.0 1.0103e-07
22.62 0.0 1.0034e-07
22.64 0.0 9.9646e-08
22.66 0.0 9.896e-08
22.68 0.0 9.8278e-08
22.7 0.0 9.76e-08
22.72 0.0 9.6926e-08
22.74 0.0 9.6256e-08
22.76 0.0 9.5591e-08
22.78 0.0 9.493e-08
22.8 0.0 9.4272e-08
22.82 0.0 9.3619e-08
22.84 0.0 9.297e-08
22.86 0.0 9.2326e-08
22.88 0.0 9.1685e-08
22.9 0.0 9.1048e-08
22.92 0.0 9.0415e-08
22.94 0.0 8.9786e-08
22.96 0.0 8.9161e-08
22.98 0.0 8.854e-08
23.0 0.0 8.7923e-08
23.02 0.0 8.731e-08
23.04 0.0 8.6701e-08
23.06 0.0 8.6095e-08
23.08 0.0 8.5493e-08
23.1 0.0 8.4896e-08
23.12 0.0 8.4301e-08
23.14 0.0 8.3711e-08
23.16 0.0 8.3125e-08
23.18 0.0 8.2542e-08
23.2 0.0 8.1963e-08
23.22 0.0 8.1387e-08
23.24 0.0 8.0815e-08
23.26 0.0 8.0247e-08
23.28 0.0 7.9682e-08
23.3 0.0 7.9121e-08
23.32 0.0 7.8564e-08
23.34 0.0 7.801e-08
23.36 0.0 7.746e-08
23.38 0.0 7.6913e-08
23.4 0.0 7.637e-08
23.42 0.0 7.583e-08
23.44 0.0 7.5294e-08
23.46 0.0 7.4761e-08
23.48 0.0 7.4231e-08
23.5 0.0 7.3705e-08
23.52 0.0 7.3182e-08
23.54 0.0 7.2663e-08
23.56 0.0 7.2147e-08
23.58 0.0 7.1634e-08
23.6 0.0 7.1125e-08
23.62 0.0 7.0619e-08
23.64 0.0 7.0116e-08
23.66 0.0 6.9617e-08
23.68 0.0 6.912e-08
23.7 0.0 6.8627e-08
23.72 0.0 6.8137e-08
23.74 0.0 6.765e-08
23.76 0.0 6.7167e-08
23.78 0.0 6.6686e-08
23.8 0.0 6.6209e-08
23.82 0.0 6.5735e-08
23.84 0.0 6.5264e-08
23.86 0.0 6.4796e-08
23.88 0.0 6.4331e-08
23.9 0.0 6.3869e-08
23.92 0.0 6.341e-08
23.94 0.0 6.2954e-08
23.96 0.0 6.2501e-08
23.98 0.0 6.2051e-08
24.0 0.0 6.1604e-08
24.02 0.0 6.116e-08
24.04 0.0 6.0718e-08
24.06 0.0 6.028e-08
24.08 0.0 5.9845e-08
24.1 0.0 5.9412e-08
24.12 0.0 5.8982e-08
24.14 0.0 5.8555e-08
24.16 0.0 5.8131e-08
24.18 0.0 5.771e-08
24.2 0.0 5.7292e-08
24.22 0.0 5.6876e-08
24.24 0.0 5.6463e-08
24.26 0.0 5.6053e-08
24.28 0.0 5.5645e-08
24.3 0.0 5.524e-08
24.32 0.0 5.4838e-08
24.34 0.0 5.4439e-08
24.36 0.0 5.4042e-08
24.38 0.0 5.3648e-08
24.4 0.0 5.3256e-08
24.42 0.0 5.2867e-08
24.44 0.0 5.2481e-08
24.46 0.0 5.2097e-08
24.48 0.0 5.1716e-08
24.5 0.0 5.1337e-08
24.52 0.0 5.0961e-08
24.54 0.0 5.0587e-08
24.56 0.0 5.0216e-08
24.58 0.0 4.9847e-08
24.6 0.0 4.9481e-08
24.62 0.0 4.9117e-08
24.64 0.0 4.8756e-08
24.66 0.0 4.8397e-08
24.68 0.0 4.8041e-08
24.7 0.0 4.7687e-08
24.72 0.0 4.7335e-08
24.74 0.0 4.6986e-08
24.76 0.0 4.6639e-08
24.78 0.0 4.6294e-08
24.8 0.0 4.5952e-08
24.82 0.0 4.5612e-08
24.84 0.0 4.5275e-08
24.86 0.0 4.4939e-08
24.88 0.0 4.4606e-08
24.9 0.0 4.4275e-08
24.92 0.0 4.3947e-08
24.94 0.0 4.362e-08
24.96 0.0 4.3296e-08
24.98 0.0 4.2974e-08
25.0 0.0 4.2655e-08
25.02 0.0 4.2337e-08
25.04 0.0 4.2022e-08
25.06 0.0 4.1708e-08
25.08 0.0 4.1397e-08
25.1 0.0 4.1088e-08
25.12 0.0 4.0781e-08
25.14 0.0 4.0477e-08
25.16 0.0 4.0174e-08
25.18 0.0 3.9873e-08
25.2 0.0 3.9575e-08
25.22 0.0 3.9278e-08
25.24 0.0 3.8984e-08
25.26 0.0 3.8692e-08
25.28 0.0 3.8401e-08
25.3 0.0 3.8113e-08
25.32 0.0 3.7826e-08
25.34 0.0 3.7542e-08
25.36 0.0 3.7259e-08
25.38 0.0 3.6979e-08
25.4 0.0 3.67e-08
25.42 0.0 3.6423e-08
25.44 0.0 3.6149e-08
25.46 0.0 3.5876e-08
25.48 0.0 3.5605e-08
25.5 0.0 3.5336e-08
25.52 0.0 3.5069e-08
25.54 0.0 3.4803e-08
25.56 0.0 3.454e-08
25.58 0.0 3.4278e-08
25.6 0.0 3.4018e-08
25.62 0.0 3.376e-08
25.64 0.0 3.3504e-08
25.66 0.0 3.3249e-08
25.68 0.0 3.2997e-08
25.7 0.0 3.2746e-08
25.72 0.0 3.2496e-08
25.74 0.0 3.2249e-08
25.76 0.0 3.2003e-08
25.78 0.0 3.1759e-08
25.8 0.0 3.1517e-08
25.82 0.0 3.1277e-08
25.84 0.0 3.1038e-08
25.86 0.0 3.08e-08
25.88 0.0 3.0565e-08
25.9 0.0 3.0331e-08
25.92 0.0 3.0099e-08
25.94 0.0 2.9868e-08
25.96 0.0 2.9639e-08
25.98 0.0 2.9412e-08
26.0 0.0 2.9186e-08
26.02 0.0 2.8962e-08
26.04 0.0 2.8739e-08
26.06 0.0 2.8518e-08
26.08 0.0 2.8299e-08
26.1 0.0 2.8081e-08
26.12 0.0 2.7865e-08
26.14 0.0 2.765e-08
26.16 0.0 2.7437e-08
26.18 0.0 2.7225e-08
26.2 0.0 2.7015e-08
26.22 0.0 2.6806e-08
26.24 0.0 2.6599e-08
26.26 0.0 2.6393e-08
26.28 0.0 2.6189e-08
26.3 0.0 2.5986e-08
26.32 0.0 2.5784e-08
26.34 0.0 2.5584e-08
26.36 0.0 2.5386e-08
26.38 0.0 2.5189e-08
26.4 0.0 2.4993e-08
26.42 0.0 2.4799e-08
26.44 0.0 2.4606e-08
26.46 0.0 2.4414e-08
26.48 0.0 2.4224e-08
26.5 0.0 2.4035e-08
26.52 0.0 2.3848e-08
26.54 0.0 2.3662e-08
26.56 0.0 2.3477e-08
26.58 0.0 2.3294e-08
26.6 0.0 2.3112e-08
26.62 0.0 2.2931e-08
26.64 0.0 2.2751e-08
26.66 0.0 2.2573e-08
26.68 0.0 2.2396e-08
26.7 0.0 2.2221e-08
26.72 0.0 2.2046e-08
26.74 0.0 2.1873e-08
26.76 0.0 2.1702e-08
26.78 0.0 2.1531e-08
26.8 0.0 2.1362e-08
26.82 0.0 2.1194e-08
26.84 0.0 2.1027e-08
26.86 0.0 2.0861e-08
26.88 0.0 2.0697e-08
26.9 0.0 2.0533e-08
26.92 0.0 2.0371e-08
26.94 0.0 2.0211e-08
26.96 0.0 2.0051e-08
26.98 0.0 1.9892e-08
27.0 0.0 1.9735e-08
27.02 0.0 1.9579e-08
27.04 0.0 1.9424e-08
27.06 0.0 1.927e-08
27.08 0.0 1.9117e-08
27.1 0.0 1.8965e-08
27.12 0.0 1.8815e-08
27.14 0.0 1.8665e-08
27.16 0.0 1.8517e-08
27.18 0.0 1.837e-08
27.2 0.0 1.8223e-08
27.22 0.0 1.8078e-08
27.24 0.0 1.7934e-08
27.26 0.0 1.7791e-08
27.28 0.0 1.7649e-08
27.3 0.0 1.7509e-08
27.32 0.0 1.7369e-08
27.34 0.0 1.723e-08
27.36 0.0 1.7092e-08
27.38 0.0 1.6955e-08
27.4 0.0 1.682e-08
27.42 0.0 1.6685e-08
27.44 0.0 1.6551e-08
27.46 0.0 1.6419e-08
27.48 0.0 1.6287e-08
27.5 0.0 1.6156e-08
27.52 0.0 1.6026e-08
27.54 0.0 1.5897e-08
27.56 0.0 1.577e-08
27.58 0.0 1.5643e-08
27.6 0.0 1.5517e-08
27.62 0.0 1.5392e-08
27.64 0.0 1.5268e-08
27.66 0.0 1.5145e-08
27.68 0.0 1.5022e-08
27.7 0.0 1.4901e-08
27.72 0.0 1.4781e-08
27.74 0.0 1.4661e-08
27.76 0.0 1.4542e-08
27.78 0.0 1.4425e-08
27.8 0.0 1.4308e-08
27.82 0.0 1.4192e-08
27.84 0.0 1.4077e-08
27.86 0.0 1.3963e-08
27.88 0.0 1.3849e-08
27.9 0.0 1.3737e-08
27.92 0.0 1.3625e-08
27.94 0.0 1.3514e-08
27.96 0.0 1.3404e-08
27.98 0.0 1.3295e-08
28.0 0.0 1.3187e-08
28.02 0.0 1.308e-08
28.04 0.0 1.2973e-08
28.06 0.0 1.2867e-08
28.08 0.0 1.2762e-08
28.1 0.0 1.2658e-08
28.12 0.0 1.2554e-08
28.14 0.0 1.2452e-08
28.16 0.0 1.235e-08
28.18 0.0 1.2249e-08
28.2 0.0 1.2148e-08
28.22 0.0 1.2049e-08
28.24 0.0 1.195e-08
28.26 0.0 1.1852e-08
28.28 0.0 1.1754e-08
28.3 0.0 1.1658e-08
28.32 0.0 1.1562e-08
28.34 0.0 1.1467e-08
28.36 0.0 1.1373e-08
28.38 0.0 1.1279e-08
28.4 0.0 1.1186e-08
28.42 0.0 1.1094e-08
28.44 0.0 1.1002e-08
28.46 0.0 1.0911e-08
28.48 0.0 1.0821e-08
28.5 0.0 1.0732e-08
28.52 0.0 1.0643e-08
28.54 0.0 1.0555e-08
28.56 0.0 1.0468e-08
28.58 0.0 1.0381e-08
28.6 0.0 1.0295e-08
28.62 0.0 1.021e-08
28.64 0.0 1.0125e-08
28.66 0.0 1.0041e-08
28.68 0.0 9.9575e-09
28.7 0.0 9.8747e-09
28.72 0.0 9.7926e-09
28.74 0.0 9.7111e-09
28.76 0.0 9.6303e-09
28.78 0.0 9.5501e-09
28.8 0.0 9.4705e-09
28.82 0.0 9.3915e-09
28.84 0.0 9.3132e-09
28.86 0.0 9.2354e-09
28.88 0.0 9.1583e-09
28.9 0.0 9.0818e-09
28.92 0.0 9.0058e-09
28.94 0.0 8.9305e-09
28.96 0.0 8.8557e-09
28.98 0.0 8.7815e-09
29.0 0.0 8.7079e-09
29.02 0.0 8.6349e-09
29.04 0.0 8.5625e-09
29.06 0.0 8.4906e-09
29.08 0.0 8.4193e-09
29.1 0.0 8.3485e-09
29.12 0.0 8.2783e-09
29.14 0.0 8.2086e-09
29.16 0.0 8.1395e-09
29.18 0.0 8.071e-09
29.2 0.0 8.003e-09
29.22 0.0 7.9355e-09
29.24 0.0 7.8685e-09
29.26 0.0 7.8021e-09
29.28 0.0 7.7362e-09
29.3 0.0 7.6708e-09
29.32 0.0 7.6059e-09
29.34 0.0 7.5416e-09
29.36 0.0 7.4778e-09
29.38 0.0 7.4144e-09
29.4 0.0 7.3516e-09
29.42 0.0 7.2892e-09
29.44 0.0 7.2274e-09
29.46 0.0 7.166e-09
29.48 0.0 7.1052e-09
29.5 0.0 7.0448e-09
29.52 0.0 6.9849e-09
29.54 0.0 6.9255e-09
29.56 0.0 6.8665e-09
29.58 0.0 6.808e-09
29.6 0.0 6.75e-09
29.62 0.0 6.6925e-09
29.64 0.0 6.6354e-09
29.66 0.0 6.5787e-09
29.68 0.0 6.5225e-09
29.7 0.0 6.4668e-09
29.72 0.0 6.4115e-09
29.74 0.0 6.3567e-09
29.76 0.0 6.3022e-09
29.78 0.0 6.2483e-09
29.8 0.0 6.1947e-09
29.82 0.0 6.1416e-09
29.84 0.0 6.0889e-09
29.86 0.0 6.0367e-09
29.88 0.0 5.9848e-09
29.9 0.0 5.9334e-09
29.92 0.0 5.8824e-09
29.94 0.0 5.8318e-09
29.96 0.0 5.7816e-09
29.98 0.0 5.7318e-09
30.0 0.0 5.6824e-09
30.02 0.0 5.6334e-09
30.04 0.0 5.5849e-09
30.06 0.0 5.5367e-09
30.08 0.0 5.4889e-09
30.1 0.0 5.4414e-09
30.12 0.0 5.3944e-09
30.14 0.0 5.3477e-09
30.16 0.0 5.3015e-09
30.18 0.0 5.2556e-09
30.2 0.0 5.21e-09
30.22 0.0 5.1649e-09
30.24 0.0 5.1201e-09
30.26 0.0 5.0757e-09
30.28 0.0 5.0316e-09
30.3 0.0 4.9879e-09
30.32 0.0 4.9445e-09
30.34 0.0 4.9015e-09
