tests/resources/spe_LST_2022-04-27_AP2.0e-4.ecsv
# %ECSV 1.0
# ---
# datatype:
# - {name: amplitude, datatype: float64}
# - {name: frequency (prompt), datatype: float64}
# - {name: frequency (prompt+afterpulsing), datatype: float64}
# meta: !!omap
# - comments: [Norm_spe processing of single-p.e. response., Table with 250 rows has been read from file /tmp/tmpkhjx0zvr, Scaling x axis
#       by factor 0.995334, Scaling y axis by factor 0.0527663, Folding in afterpulse spectrum from file 'tests/resources/LST_afterpulses.dat'
#       enforcing uniform, sampling of 2011 steps of size 0.019907 from 0.009953 to 40.022379., 'Afterpulse ratio (prompt x AP folded)
#       above 4.000000 mean p.e.: 0.000194', 'Mean(prompt) = 1.000, peak at 1.174 (sum=1.000)', 'Fraction of events below 10% of mean:
#       0.044', 'Fraction of events below 20% of mean: 0.083', 'Fraction of events below 30% of mean: 0.117', 'Sqrt(Excess noise factor):
#       1.103, ENF = 1.216', 'Note: collection efficiency losses should be included in low amplitude signals.', Rebinning to 2101 uniform
#       steps of size 0.020000 from 0.000000 to 42.000000.]
# - CTA:
#     ACTIVITY:
#       END: '2025-01-06T13:27:47+00:00'
#       ID: 1aa11e50-a4ec-4654-b221-08e77e93afed
#       NAME: derive_photon_electron_spectrum
#       SOFTWARE: {NAME: simtools, VERSION: 0.8.3.dev106+g9fc2e7f29.d20250106}
#       START: '2025-01-06T13:27:47+00:00'
#       TYPE: software
#     CONTACT: {NAME: root, ORGANIZATION: CTAO}
#     PROCESS: {TYPE: simulation}
#     PRODUCT:
#       CREATION_TIME: '2025-01-06T13:27:47+00:00'
#       DATA: {CATEGORY: SIM, LEVEL: R1, TYPE: Service}
#       FILENAME: test_single_pe_lst.ecsv
#       FORMAT: ecsv
#       ID: 81e36a55-0628-40d7-bd1a-d8c68626a12f
#     REFERENCE: {VERSION: 1.0.0}
# schema: astropy-2.0
amplitude "frequency (prompt)" "frequency (prompt+afterpulsing)"
[from data line 1518]
30.36 0.0 2.3398e-08
30.38 0.0 2.3164e-08
30.4 0.0 2.2932e-08
30.42 0.0 2.27e-08
30.44 0.0 2.2469e-08
30.46 0.0 2.224e-08
30.48 0.0 2.2011e-08
30.5 0.0 2.1783e-08
30.52 0.0 2.1557e-08
30.54 0.0 2.1331e-08
30.56 0.0 2.1106e-08
30.58 0.0 2.0883e-08
30.6 0.0 2.066e-08
30.62 0.0 2.0439e-08
30.64 0.0 2.0218e-08
30.66 0.0 1.9999e-08
30.68 0.0 1.9781e-08
30.7 0.0 1.9565e-08
30.72 0.0 1.935e-08
30.74 0.0 1.9136e-08
30.76 0.0 1.8923e-08
30.78 0.0 1.8712e-08
30.8 0.0 1.8503e-08
30.82 0.0 1.8295e-08
30.84 0.0 1.8089e-08
30.86 0.0 1.7885e-08
30.88 0.0 1.7683e-08
30.9 0.0 1.7483e-08
30.92 0.0 1.7285e-08
30.94 0.0 1.7089e-08
30.96 0.0 1.6895e-08
30.98 0.0 1.6704e-08
31.0 0.0 1.6516e-08
31.02 0.0 1.633e-08
31.04 0.0 1.6147e-08
31.06 0.0 1.5967e-08
31.08 0.0 1.579e-08
31.1 0.0 1.5615e-08
31.12 0.0 1.5444e-08
31.14 0.0 1.5276e-08
31.16 0.0 1.5111e-08
31.18 0.0 1.4949e-08
31.2 0.0 1.479e-08
31.22 0.0 1.4634e-08
31.24 0.0 1.4481e-08
31.26 0.0 1.4332e-08
31.28 0.0 1.4185e-08
31.3 0.0 1.4042e-08
31.32 0.0 1.3902e-08
31.34 0.0 1.3764e-08
31.36 0.0 1.3629e-08
31.38 0.0 1.3497e-08
31.4 0.0 1.3368e-08
31.42 0.0 1.3241e-08
31.44 0.0 1.3116e-08
31.46 0.0 1.2994e-08
31.48 0.0 1.2874e-08
31.5 0.0 1.2757e-08
31.52 0.0 1.2641e-08
31.54 0.0 1.2527e-08
31.56 0.0 1.2415e-08
31.58 0.0 1.2304e-08
31.6 0.0 1.2195e-08
31.62 0.0 1.2088e-08
31.64 0.0 1.1982e-08
31.66 0.0 1.1877e-08
31.68 0.0 1.1773e-08
31.7 0.0 1.167e-08
31.72 0.0 1.1568e-08
31.74 0.0 1.1467e-08
31.76 0.0 1.1366e-08
31.78 0.0 1.1267e-08
31.8 0.0 1.1168e-08
31.82 0.0 1.1069e-08
31.84 0.0 1.0971e-08
31.86 0.0 1.0874e-08
31.88 0.0 1.0776e-08
31.9 0.0 1.0679e-08
31.92 0.0 1.0583e-08
31.94 0.0 1.0487e-08
31.96 0.0 1.0391e-08
31.98 0.0 1.0295e-08
32.0 0.0 1.0201e-08
32.02 0.0 1.0107e-08
32.04 0.0 1.0014e-08
32.06 0.0 9.9216e-09
32.08 0.0 9.8297e-09
32.1 0.0 9.7383e-09
32.12 0.0 9.6475e-09
32.14 0.0 9.5572e-09
32.16 0.0 9.4674e-09
32.18 0.0 9.378e-09
32.2 0.0 9.2892e-09
32.22 0.0 9.2007e-09
32.24 0.0 9.1128e-09
32.26 0.0 9.0252e-09
32.28 0.0 8.938e-09
32.3 0.0 8.8513e-09
32.32 0.0 8.7649e-09
32.34 0.0 8.679e-09
32.36 0.0 8.5934e-09
32.38 0.0 8.5081e-09
32.4 0.0 8.4233e-09
32.42 0.0 8.3388e-09
32.44 0.0 8.2548e-09
32.46 0.0 8.1711e-09
32.48 0.0 8.0877e-09
32.5 0.0 8.0048e-09
32.52 0.0 7.9223e-09
32.54 0.0 7.8402e-09
32.56 0.0 7.7585e-09
32.58 0.0 7.6773e-09
32.6 0.0 7.5965e-09
32.62 0.0 7.5161e-09
32.64 0.0 7.4363e-09
32.66 0.0 7.357e-09
32.68 0.0 7.2782e-09
32.7 0.0 7.2e-09
32.72 0.0 7.1224e-09
32.74 0.0 7.0454e-09
32.76 0.0 6.9691e-09
32.78 0.0 6.8934e-09
32.8 0.0 6.8184e-09
32.82 0.0 6.7441e-09
32.84 0.0 6.6707e-09
32.86 0.0 6.5981e-09
32.88 0.0 6.5263e-09
32.9 0.0 6.4555e-09
32.92 0.0 6.3856e-09
32.94 0.0 6.3167e-09
32.96 0.0 6.2488e-09
32.98 0.0 6.182e-09
33.0 0.0 6.1163e-09
33.02 0.0 6.0516e-09
33.04 0.0 5.9882e-09
33.06 0.0 5.9258e-09
33.08 0.0 5.8647e-09
33.1 0.0 5.8047e-09
33.12 0.0 5.7459e-09
33.14 0.0 5.6882e-09
33.16 0.0 5.6318e-09
33.18 0.0 5.5765e-09
33.2 0.0 5.5224e-09
33.22 0.0 5.4695e-09
33.24 0.0 5.4176e-09
33.26 0.0 5.3669e-09
33.28 0.0 5.3172e-09
33.3 0.0 5.2686e-09
33.32 0.0 5.221e-09
33.34 0.0 5.1744e-09
33.36 0.0 5.1287e-09
33.38 0.0 5.0839e-09
33.4 0.0 5.04e-09
33.42 0.0 4.9968e-09
33.44 0.0 4.9545e-09
33.46 0.0 4.9129e-09
33.48 0.0 4.8719e-09
33.5 0.0 4.8316e-09
33.52 0.0 4.7919e-09
33.54 0.0 4.7528e-09
33.56 0.0 4.7141e-09
33.58 0.0 4.676e-09
33.6 0.0 4.6382e-09
33.62 0.0 4.6009e-09
33.64 0.0 4.5639e-09
33.66 0.0 4.5273e-09
33.68 0.0 4.4909e-09
33.7 0.0 4.4549e-09
33.72 0.0 4.419e-09
33.74 0.0 4.3834e-09
33.76 0.0 4.348e-09
33.78 0.0 4.3128e-09
33.8 0.0 4.2777e-09
33.82 0.0 4.2427e-09
33.84 0.0 4.2079e-09
33.86 0.0 4.1731e-09
33.88 0.0 4.1385e-09
33.9 0.0 4.1039e-09
33.92 0.0 4.0694e-09
33.94 0.0 4.0349e-09
33.96 0.0 4.0006e-09
33.98 0.0 3.9663e-09
34.0 0.0 3.9323e-09
34.02 0.0 3.8985e-09
34.04 0.0 3.8649e-09
34.06 0.0 3.8316e-09
34.08 0.0 3.7984e-09
34.1 0.0 3.7655e-09
34.12 0.0 3.7327e-09
34.14 0.0 3.7001e-09
34.16 0.0 3.6677e-09
34.18 0.0 3.6354e-09
34.2 0.0 3.6034e-09
34.22 0.0 3.5714e-09
34.24 0.0 3.5397e-09
34.26 0.0 3.508e-09
34.28 0.0 3.4766e-09
34.3 0.0 3.4452e-09
34.32 0.0 3.414e-09
34.34 0.0 3.383e-09
34.36 0.0 3.3521e-09
34.38 0.0 3.3213e-09
34.4 0.0 3.2906e-09
34.42 0.0 3.2601e-09
34.44 0.0 3.2298e-09
34.46 0.0 3.1995e-09
34.48 0.0 3.1694e-09
34.5 0.0 3.1395e-09
34.52 0.0 3.1096e-09
34.54 0.0 3.08e-09
34.56 0.0 3.0504e-09
34.58 0.0 3.0211e-09
34.6 0.0 2.9918e-09
34.62 0.0 2.9628e-09
34.64 0.0 2.9339e-09
34.66 0.0 2.9052e-09
34.68 0.0 2.8767e-09
34.7 0.0 2.8484e-09
34.72 0.0 2.8203e-09
34.74 0.0 2.7924e-09
34.76 0.0 2.7647e-09
34.78 0.0 2.7373e-09
34.8 0.0 2.7101e-09
34.82 0.0 2.6831e-09
34.84 0.0 2.6564e-09
34.86 0.0 2.63e-09
34.88 0.0 2.604e-09
34.9 0.0 2.5782e-09
34.92 0.0 2.5527e-09
34.94 0.0 2.5276e-09
34.96 0.0 2.5029e-09
34.98 0.0 2.4785e-09
35.0 0.0 2.4546e-09
35.02 0.0 2.431e-09
35.04 0.0 2.4078e-09
35.06 0.0 2.385e-09
35.08 0.0 2.3626e-09
35.1 0.0 2.3407e-09
35.12 0.0 2.3192e-09
35.14 0.0 2.2981e-09
35.16 0.0 2.2774e-09
35.18 0.0 2.2572e-09
35.2 0.0 2.2374e-09
35.22 0.0 2.218e-09
35.24 0.0 2.199e-09
35.26 0.0 2.1804e-09
35.28 0.0 2.1622e-09
35.3 0.0 2.1444e-09
35.32 0.0 2.1269e-09
35.34 0.0 2.1098e-09
35.36 0.0 2.0931e-09
35.38 0.0 2.0767e-09
35.4 0.0 2.0607e-09
35.42 0.0 2.0449e-09
35.44 0.0 2.0294e-09
35.46 0.0 2.0142e-09
35.48 0.0 1.9993e-09
35.5 0.0 1.9846e-09
35.52 0.0 1.9701e-09
35.54 0.0 1.9558e-09
35.56 0.0 1.9417e-09
35.58 0.0 1.9279e-09
35.6 0.0 1.9141e-09
35.62 0.0 1.9006e-09
35.64 0.0 1.8871e-09
35.66 0.0 1.8739e-09
35.68 0.0 1.8607e-09
35.7 0.0 1.8476e-09
35.72 0.0 1.8346e-09
35.74 0.0 1.8217e-09
35.76 0.0 1.8089e-09
35.78 0.0 1.7962e-09
35.8 0.0 1.7835e-09
35.82 0.0 1.7708e-09
35.84 0.0 1.7582e-09
35.86 0.0 1.7457e-09
35.88 0.0 1.7332e-09
35.9 0.0 1.7207e-09
35.92 0.0 1.7082e-09
35.94 0.0 1.6958e-09
35.96 0.0 1.6834e-09
35.98 0.0 1.671e-09
36.0 0.0 1.6586e-09
36.02 0.0 1.6463e-09
36.04 0.0 1.6339e-09
36.06 0.0 1.6217e-09
36.08 0.0 1.6095e-09
36.1 0.0 1.5973e-09
36.12 0.0 1.5853e-09
36.14 0.0 1.5732e-09
36.16 0.0 1.5613e-09
36.18 0.0 1.5493e-09
36.2 0.0 1.5375e-09
36.22 0.0 1.5256e-09
36.24 0.0 1.5138e-09
36.26 0.0 1.5021e-09
36.28 0.0 1.4904e-09
36.3 0.0 1.4788e-09
36.32 0.0 1.4672e-09
36.34 0.0 1.4556e-09
36.36 0.0 1.4441e-09
36.38 0.0 1.4326e-09
36.4 0.0 1.4211e-09
36.42 0.0 1.4097e-09
36.44 0.0 1.3983e-09
36.46 0.0 1.387e-09
36.48 0.0 1.3757e-09
36.5 0.0 1.3644e-09
36.52 0.0 1.3532e-09
36.54 0.0 1.342e-09
36.56 0.0 1.3308e-09
36.58 0.0 1.3197e-09
36.6 0.0 1.3086e-09
36.62 0.0 1.2976e-09
36.64 0.0 1.2866e-09
36.66 0.0 1.2757e-09
36.68 0.0 1.2647e-09
36.7 0.0 1.2539e-09
36.72 0.0 1.2431e-09
36.74 0.0 1.2323e-09
36.76 0.0 1.2216e-09
36.78 0.0 1.211e-09
36.8 0.0 1.2004e-09
36.82 0.0 1.1899e-09
36.84 0.0 1.1794e-09
36.86 0.0 1.169e-09
36.88 0.0 1.1587e-09
36.9 0.0 1.1484e-09
36.92 0.0 1.1383e-09
36.94 0.0 1.1282e-09
36.96 0.0 1.1182e-09
36.98 0.0 1.1083e-09
37.0 0.0 1.0984e-09
37.02 0.0 1.0887e-09
37.04 0.0 1.0791e-09
37.06 0.0 1.0696e-09
37.08 0.0 1.0602e-09
37.1 0.0 1.0509e-09
37.12 0.0 1.0417e-09
37.14 0.0 1.0327e-09
37.16 0.0 1.0237e-09
37.18 0.0 1.0149e-09
37.2 0.0 1.0062e-09
37.22 0.0 9.9757e-10
37.24 0.0 9.8908e-10
37.26 0.0 9.8072e-10
37.28 0.0 9.7246e-10
37.3 0.0 9.6432e-10
37.32 0.0 9.563e-10
37.34 0.0 9.4838e-10
37.36 0.0 9.4056e-10
37.38 0.0 9.3285e-10
37.4 0.0 9.2524e-10
37.42 0.0 9.1772e-10
37.44 0.0 9.103e-10
37.46 0.0 9.0296e-10
37.48 0.0 8.9571e-10
37.5 0.0 8.8853e-10
37.52 0.0 8.8144e-10
37.54 0.0 8.7441e-10
37.56 0.0 8.6745e-10
37.58 0.0 8.6055e-10
37.6 0.0 8.5371e-10
37.62 0.0 8.4692e-10
37.64 0.0 8.4019e-10
37.66 0.0 8.335e-10
37.68 0.0 8.2685e-10
37.7 0.0 8.2024e-10
37.72 0.0 8.1367e-10
37.74 0.0 8.0713e-10
37.76 0.0 8.0061e-10
37.78 0.0 7.9413e-10
37.8 0.0 7.8766e-10
37.82 0.0 7.8122e-10
37.84 0.0 7.748e-10
37.86 0.0 7.6839e-10
37.88 0.0 7.62e-10
37.9 0.0 7.5562e-10
37.92 0.0 7.4925e-10
37.94 0.0 7.4289e-10
37.96 0.0 7.3654e-10
37.98 0.0 7.302e-10
38.0 0.0 7.2386e-10
38.02 0.0 7.1753e-10
38.04 0.0 7.1121e-10
38.06 0.0 7.0492e-10
38.08 0.0 6.9866e-10
38.1 0.0 6.9245e-10
38.12 0.0 6.8627e-10
38.14 0.0 6.8013e-10
38.16 0.0 6.7403e-10
38.18 0.0 6.6796e-10
38.2 0.0 6.6193e-10
38.22 0.0 6.5592e-10
38.24 0.0 6.4995e-10
38.26 0.0 6.4401e-10
38.28 0.0 6.381e-10
38.3 0.0 6.3222e-10
38.32 0.0 6.2637e-10
38.34 0.0 6.2054e-10
38.36 0.0 6.1474e-10
38.38 0.0 6.0897e-10
38.4 0.0 6.0322e-10
38.42 0.0 5.975e-10
38.44 0.0 5.9181e-10
38.46 0.0 5.8614e-10
38.48 0.0 5.805e-10
38.5 0.0 5.7488e-10
38.52 0.0 5.6928e-10
38.54 0.0 5.6371e-10
38.56 0.0 5.5817e-10
38.58 0.0 5.5265e-10
38.6 0.0 5.4716e-10
38.62 0.0 5.417e-10
38.64 0.0 5.3626e-10
38.66 0.0 5.3086e-10
38.68 0.0 5.2548e-10
38.7 0.0 5.2013e-10
38.72 0.0 5.1482e-10
38.74 0.0 5.0954e-10
38.76 0.0 5.043e-10
38.78 0.0 4.9909e-10
38.8 0.0 4.9392e-10
38.82 0.0 4.8879e-10
38.84 0.0 4.837e-10
38.86 0.0 4.7866e-10
38.88 0.0 4.7366e-10
38.9 0.0 4.6871e-10
38.92 0.0 4.6381e-10
38.94 0.0 4.5897e-10
38.96 0.0 4.5418e-10
38.98 0.0 4.4945e-10
39.0 0.0 4.4479e-10
39.02 0.0 4.4019e-10
39.04 0.0 4.3565e-10
39.06 0.0 4.3119e-10
39.08 0.0 4.268e-10
39.1 0.0 4.2248e-10
39.12 0.0 4.1824e-10
39.14 0.0 4.1407e-10
39.16 0.0 4.0998e-10
39.18 0.0 4.0597e-10
39.2 0.0 4.0204e-10
39.22 0.0 3.9819e-10
39.24 0.0 3.9442e-10
39.26 0.0 3.9072e-10
39.28 0.0 3.8711e-10
39.3 0.0 3.8357e-10
39.32 0.0 3.8011e-10
39.34 0.0 3.7672e-10
39.36 0.0 3.7341e-10
39.38 0.0 3.7017e-10
39.4 0.0 3.67e-10
39.42 0.0 3.6389e-10
39.44 0.0 3.6085e-10
39.46 0.0 3.5787e-10
39.48 0.0 3.5495e-10
39.5 0.0 3.5209e-10
39.52 0.0 3.4928e-10
39.54 0.0 3.4652e-10
39.56 0.0 3.4381e-10
39.58 0.0 3.4114e-10
39.6 0.0 3.3852e-10
39.62 0.0 3.3593e-10
39.64 0.0 3.3338e-10
39.66 0.0 3.3087e-10
39.68 0.0 3.2838e-10
39.7 0.0 3.2592e-10
39.72 0.0 3.2349e-10
39.74 0.0 3.2108e-10
39.76 0.0 3.1869e-10
39.78 0.0 3.1633e-10
39.8 0.0 3.1397e-10
39.82 0.0 3.1164e-10
39.84 0.0 3.0932e-10
39.86 0.0 3.0701e-10
39.88 0.0 3.0471e-10
39.9 0.0 3.0242e-10
39.92 0.0 3.0014e-10
39.94 0.0 2.9787e-10
39.96 0.0 2.9561e-10
39.98 0.0 2.9335e-10
40.0 0.0 2.9109e-10
40.02 0.0 2.8738e-10
40.04 0.0 2.8691e-10
40.06 0.0 2.8691e-10
40.08 0.0 2.8691e-10
40.1 0.0 2.8691e-10
40.12 0.0 2.8691e-10
40.14 0.0 2.8691e-10
40.16 0.0 2.8691e-10
40.18 0.0 2.8691e-10
40.2 0.0 2.8691e-10
40.22 0.0 2.8691e-10
40.24 0.0 2.8691e-10
40.26 0.0 2.8691e-10
40.28 0.0 2.8691e-10
40.3 0.0 2.8691e-10
40.32 0.0 2.8691e-10
40.34 0.0 2.8691e-10
40.36 0.0 2.8691e-10
40.38 0.0 2.8691e-10
40.4 0.0 2.8691e-10
40.42 0.0 2.8691e-10
40.44 0.0 2.8691e-10
40.46 0.0 2.8691e-10
40.48 0.0 2.8691e-10
40.5 0.0 2.8691e-10
40.52 0.0 2.8691e-10
40.54 0.0 2.8691e-10
40.56 0.0 2.8691e-10
40.58 0.0 2.8691e-10
40.6 0.0 2.8691e-10
40.62 0.0 2.8691e-10
40.64 0.0 2.8691e-10
40.66 0.0 2.8691e-10
40.68 0.0 2.8691e-10
40.7 0.0 2.8691e-10
40.72 0.0 2.8691e-10
40.74 0.0 2.8691e-10
40.76 0.0 2.8691e-10
40.78 0.0 2.8691e-10
40.8 0.0 2.8691e-10
40.82 0.0 2.8691e-10
40.84 0.0 2.8691e-10
40.86 0.0 2.8691e-10
40.88 0.0 2.8691e-10
40.9 0.0 2.8691e-10
40.92 0.0 2.8691e-10
40.94 0.0 2.8691e-10
40.96 0.0 2.8691e-10
40.98 0.0 2.8691e-10
41.0 0.0 2.8691e-10
41.02 0.0 2.8691e-10
41.04 0.0 2.8691e-10
41.06 0.0 2.8691e-10
41.08 0.0 2.8691e-10
41.1 0.0 2.8691e-10
41.12 0.0 2.8691e-10
41.14 0.0 2.8691e-10
41.16 0.0 2.8691e-10
41.18 0.0 2.8691e-10
41.2 0.0 2.8691e-10
41.22 0.0 2.8691e-10
41.24 0.0 2.8691e-10
41.26 0.0 2.8691e-10
41.28 0.0 2.8691e-10
41.3 0.0 2.8691e-10
41.32 0.0 2.8691e-10
41.34 0.0 2.8691e-10
41.36 0.0 2.8691e-10
41.38 0.0 2.8691e-10
41.4 0.0 2.8691e-10
41.42 0.0 2.8691e-10
41.44 0.0 2.8691e-10
41.46 0.0 2.8691e-10
41.48 0.0 2.8691e-10
41.5 0.0 2.8691e-10
41.52 0.0 2.8691e-10
41.54 0.0 2.8691e-10
41.56 0.0 2.8691e-10
41.58 0.0 2.8691e-10
41.6 0.0 2.8691e-10
41.62 0.0 2.8691e-10
41.64 0.0 2.8691e-10
41.66 0.0 2.8691e-10
41.68 0.0 2.8691e-10
41.7 0.0 2.8691e-10
41.72 0.0 2.8691e-10
41.74 0.0 2.8691e-10
41.76 0.0 2.8691e-10
41.78 0.0 2.8691e-10
41.8 0.0 2.8691e-10
41.82 0.0 2.8691e-10
41.84 0.0 2.8691e-10
41.86 0.0 2.8691e-10
41.88 0.0 2.8691e-10
41.9 0.0 2.8691e-10
41.92 0.0 2.8691e-10
41.94 0.0 2.8691e-10
41.96 0.0 2.8691e-10
41.98 0.0 2.8691e-10
42.0 0.0 2.8691e-10
