tests/resources/spe_LST_2025-02-15-used.ecsv
# %ECSV 1.0
# ---
# datatype:
# - {name: amplitude, datatype: float64}
# - {name: frequency (prompt), datatype: float64}
# - {name: frequency (prompt+afterpulsing), datatype: float64}
# meta: !!omap
# - comments: [Norm_spe processing of single-p.e. response., Table with 250 rows has been read from file /tmp/tmpk7cuwv9n, Scaling x axis
#       by factor 0.995334, Scaling y axis by factor 0.0527663, Folding in afterpulse spectrum from file '/tmp/tmpgzygt1l3' enforcing
#       uniform, sampling of 2109 steps of size 0.019907 from 0.009953 to 41.973234., 'Afterpulse ratio (prompt x AP folded) above 1.000000
#       mean p.e.: 0.555332', 'Mean(prompt) = 1.000, peak at 1.174 (sum=1.000)', 'Fraction of events below 10% of mean: 0.044', 'Fraction
#       of events below 20% of mean: 0.083', 'Fraction of events below 30% of mean: 0.117', 'Sqrt(Excess noise factor): 1.103, ENF = 1.216',
#     'Note: collection efficiency losses should be included in low amplitude signals.', Rebinning to 2101 uniform steps of size 0.020000
#       from 0.000000 to 42.000000.]
# - CTA:
#     ACTIVITY:
#       END: '2025-03-20T08:30:02+00:00'
#       ID: a6b4213b-0c53-4e11-8692-ec082b08852e
#       NAME: derive_photon_electron_spectrum
#       SOFTWARE: {NAME: simtools, VERSION: 0.13.1.dev29+geba9af768}
#       START: '2025-03-20T08:30:02+00:00'
#       TYPE: software
#     CONTACT: {NAME: G.Maier, ORCID: 0000-0001-9868-4700, ORGANIZATION: CTAO}
#     PROCESS: {TYPE: simulation}
#     PRODUCT:
#       CREATION_TIME: '2025-03-20T08:30:02+00:00'
#       DATA:
#         CATEGORY: SIM
#         LEVEL: R1
#         MODEL: {NAME: single_pe_spectrum, URL: 'https://raw.githubusercontent.com/gammasim/simtools/main/src/simtools/schemas//model_parameters/pm_photoelectron_spectrum.schema.yml',
#           VERSION: 0.0.0}
#         TYPE: Service
#       FILENAME: test_single_pe_lst.ecsv
#       FORMAT: ecsv
#       ID: 6c02eca1-567b-4cda-b48d-398d28039928
#     REFERENCE: {VERSION: 1.0.0}
# schema: astropy-2.0
amplitude "frequency (prompt)" "frequency (prompt+afterpulsing)"
[from data line 1519]
30.38 0.0 4.8166e-09
30.4 0.0 4.7746e-09
30.42 0.0 4.733e-09
30.44 0.0 4.6918e-09
30.46 0.0 4.6508e-09
30.48 0.0 4.6102e-09
30.5 0.0 4.57e-09
30.52 0.0 4.53e-09
30.54 0.0 4.4904e-09
30.56 0.0 4.4511e-09
30.58 0.0 4.4122e-09
30.6 0.0 4.3736e-09
30.62 0.0 4.3352e-09
30.64 0.0 4.2972e-09
30.66 0.0 4.2595e-09
30.68 0.0 4.2222e-09
30.7 0.0 4.1851e-09
30.72 0.0 4.1483e-09
30.74 0.0 4.1119e-09
30.76 0.0 4.0757e-09
30.78 0.0 4.0398e-09
30.8 0.0 4.0043e-09
30.82 0.0 3.969e-09
30.84 0.0 3.934e-09
30.86 0.0 3.8993e-09
30.88 0.0 3.8649e-09
30.9 0.0 3.8308e-09
30.92 0.0 3.797e-09
30.94 0.0 3.7634e-09
30.96 0.0 3.7301e-09
30.98 0.0 3.6971e-09
31.0 0.0 3.6644e-09
31.02 0.0 3.632e-09
31.04 0.0 3.5998e-09
31.06 0.0 3.5679e-09
31.08 0.0 3.5362e-09
31.1 0.0 3.5048e-09
31.12 0.0 3.4737e-09
31.14 0.0 3.4429e-09
31.16 0.0 3.4122e-09
31.18 0.0 3.3819e-09
31.2 0.0 3.3518e-09
31.22 0.0 3.322e-09
31.24 0.0 3.2924e-09
31.26 0.0 3.263e-09
31.28 0.0 3.2339e-09
31.3 0.0 3.2051e-09
31.32 0.0 3.1765e-09
31.34 0.0 3.1481e-09
31.36 0.0 3.12e-09
31.38 0.0 3.0921e-09
31.4 0.0 3.0644e-09
31.42 0.0 3.037e-09
31.44 0.0 3.0098e-09
31.46 0.0 2.9828e-09
31.48 0.0 2.9561e-09
31.5 0.0 2.9296e-09
31.52 0.0 2.9033e-09
31.54 0.0 2.8772e-09
31.56 0.0 2.8514e-09
31.58 0.0 2.8258e-09
31.6 0.0 2.8004e-09
31.62 0.0 2.7752e-09
31.64 0.0 2.7502e-09
31.66 0.0 2.7254e-09
31.68 0.0 2.7008e-09
31.7 0.0 2.6765e-09
31.72 0.0 2.6524e-09
31.74 0.0 2.6284e-09
31.76 0.0 2.6047e-09
31.78 0.0 2.5812e-09
31.8 0.0 2.5578e-09
31.82 0.0 2.5347e-09
31.84 0.0 2.5118e-09
31.86 0.0 2.489e-09
31.88 0.0 2.4665e-09
31.9 0.0 2.4441e-09
31.92 0.0 2.422e-09
31.94 0.0 2.4e-09
31.96 0.0 2.3782e-09
31.98 0.0 2.3566e-09
32.0 0.0 2.3352e-09
32.02 0.0 2.314e-09
32.04 0.0 2.2929e-09
32.06 0.0 2.272e-09
32.08 0.0 2.2514e-09
32.1 0.0 2.2308e-09
32.12 0.0 2.2105e-09
32.14 0.0 2.1904e-09
32.16 0.0 2.1704e-09
32.18 0.0 2.1506e-09
32.2 0.0 2.1309e-09
32.22 0.0 2.1115e-09
32.24 0.0 2.0921e-09
32.26 0.0 2.073e-09
32.28 0.0 2.054e-09
32.3 0.0 2.0352e-09
32.32 0.0 2.0166e-09
32.34 0.0 1.9981e-09
32.36 0.0 1.9798e-09
32.38 0.0 1.9616e-09
32.4 0.0 1.9436e-09
32.42 0.0 1.9258e-09
32.44 0.0 1.9081e-09
32.46 0.0 1.8905e-09
32.48 0.0 1.8731e-09
32.5 0.0 1.8559e-09
32.52 0.0 1.8388e-09
32.54 0.0 1.8219e-09
32.56 0.0 1.8051e-09
32.58 0.0 1.7884e-09
32.6 0.0 1.7719e-09
32.62 0.0 1.7556e-09
32.64 0.0 1.7393e-09
32.66 0.0 1.7233e-09
32.68 0.0 1.7073e-09
32.7 0.0 1.6915e-09
32.72 0.0 1.6759e-09
32.74 0.0 1.6604e-09
32.76 0.0 1.645e-09
32.78 0.0 1.6297e-09
32.8 0.0 1.6146e-09
32.82 0.0 1.5996e-09
32.84 0.0 1.5848e-09
32.86 0.0 1.5701e-09
32.88 0.0 1.5555e-09
32.9 0.0 1.541e-09
32.92 0.0 1.5267e-09
32.94 0.0 1.5125e-09
32.96 0.0 1.4984e-09
32.98 0.0 1.4844e-09
33.0 0.0 1.4706e-09
33.02 0.0 1.4569e-09
33.04 0.0 1.4433e-09
33.06 0.0 1.4298e-09
33.08 0.0 1.4165e-09
33.1 0.0 1.4032e-09
33.12 0.0 1.3901e-09
33.14 0.0 1.3771e-09
33.16 0.0 1.3642e-09
33.18 0.0 1.3515e-09
33.2 0.0 1.3388e-09
33.22 0.0 1.3262e-09
33.24 0.0 1.3138e-09
33.26 0.0 1.3015e-09
33.28 0.0 1.2893e-09
33.3 0.0 1.2772e-09
33.32 0.0 1.2652e-09
33.34 0.0 1.2533e-09
33.36 0.0 1.2415e-09
33.38 0.0 1.2298e-09
33.4 0.0 1.2182e-09
33.42 0.0 1.2067e-09
33.44 0.0 1.1954e-09
33.46 0.0 1.1841e-09
33.48 0.0 1.1729e-09
33.5 0.0 1.1619e-09
33.52 0.0 1.1509e-09
33.54 0.0 1.14e-09
33.56 0.0 1.1292e-09
33.58 0.0 1.1186e-09
33.6 0.0 1.108e-09
33.62 0.0 1.0975e-09
33.64 0.0 1.0871e-09
33.66 0.0 1.0768e-09
33.68 0.0 1.0666e-09
33.7 0.0 1.0565e-09
33.72 0.0 1.0464e-09
33.74 0.0 1.0365e-09
33.76 0.0 1.0267e-09
33.78 0.0 1.0169e-09
33.8 0.0 1.0072e-09
33.82 0.0 9.9765e-10
33.84 0.0 9.8816e-10
33.86 0.0 9.7875e-10
33.88 0.0 9.6942e-10
33.9 0.0 9.6018e-10
33.92 0.0 9.5102e-10
33.94 0.0 9.4195e-10
33.96 0.0 9.3296e-10
33.98 0.0 9.2405e-10
34.0 0.0 9.1522e-10
34.02 0.0 9.0647e-10
34.04 0.0 8.978e-10
34.06 0.0 8.892e-10
34.08 0.0 8.8069e-10
34.1 0.0 8.7225e-10
34.12 0.0 8.639e-10
34.14 0.0 8.5561e-10
34.16 0.0 8.474e-10
34.18 0.0 8.3927e-10
34.2 0.0 8.3121e-10
34.22 0.0 8.2323e-10
34.24 0.0 8.1531e-10
34.26 0.0 8.0747e-10
34.28 0.0 7.997e-10
34.3 0.0 7.9201e-10
34.32 0.0 7.8438e-10
34.34 0.0 7.7682e-10
34.36 0.0 7.6933e-10
34.38 0.0 7.6191e-10
34.4 0.0 7.5456e-10
34.42 0.0 7.4727e-10
34.44 0.0 7.4006e-10
34.46 0.0 7.329e-10
34.48 0.0 7.2582e-10
34.5 0.0 7.188e-10
34.52 0.0 7.1184e-10
34.54 0.0 7.0495e-10
34.56 0.0 6.9812e-10
34.58 0.0 6.9135e-10
34.6 0.0 6.8465e-10
34.62 0.0 6.7801e-10
34.64 0.0 6.7143e-10
34.66 0.0 6.6491e-10
34.68 0.0 6.5845e-10
34.7 0.0 6.5205e-10
34.72 0.0 6.4571e-10
34.74 0.0 6.3942e-10
34.76 0.0 6.332e-10
34.78 0.0 6.2703e-10
34.8 0.0 6.2092e-10
34.82 0.0 6.1487e-10
34.84 0.0 6.0887e-10
34.86 0.0 6.0293e-10
34.88 0.0 5.9705e-10
34.9 0.0 5.9122e-10
34.92 0.0 5.8544e-10
34.94 0.0 5.7971e-10
34.96 0.0 5.7404e-10
34.98 0.0 5.6843e-10
35.0 0.0 5.6286e-10
35.02 0.0 5.5735e-10
35.04 0.0 5.5189e-10
35.06 0.0 5.4647e-10
35.08 0.0 5.4111e-10
35.1 0.0 5.358e-10
35.12 0.0 5.3054e-10
35.14 0.0 5.2533e-10
35.16 0.0 5.2017e-10
35.18 0.0 5.1505e-10
35.2 0.0 5.0999e-10
35.22 0.0 5.0497e-10
35.24 0.0 4.9999e-10
35.26 0.0 4.9507e-10
35.28 0.0 4.9019e-10
35.3 0.0 4.8536e-10
35.32 0.0 4.8057e-10
35.34 0.0 4.7582e-10
35.36 0.0 4.7112e-10
35.38 0.0 4.6647e-10
35.4 0.0 4.6186e-10
35.42 0.0 4.5729e-10
35.44 0.0 4.5277e-10
35.46 0.0 4.4829e-10
35.48 0.0 4.4385e-10
35.5 0.0 4.3945e-10
35.52 0.0 4.3509e-10
35.54 0.0 4.3078e-10
35.56 0.0 4.265e-10
35.58 0.0 4.2227e-10
35.6 0.0 4.1808e-10
35.62 0.0 4.1392e-10
35.64 0.0 4.0981e-10
35.66 0.0 4.0573e-10
35.68 0.0 4.0169e-10
35.7 0.0 3.9769e-10
35.72 0.0 3.9373e-10
35.74 0.0 3.8981e-10
35.76 0.0 3.8592e-10
35.78 0.0 3.8208e-10
35.8 0.0 3.7826e-10
35.82 0.0 3.7449e-10
35.84 0.0 3.7075e-10
35.86 0.0 3.6704e-10
35.88 0.0 3.6337e-10
35.9 0.0 3.5974e-10
35.92 0.0 3.5614e-10
35.94 0.0 3.5257e-10
35.96 0.0 3.4904e-10
35.98 0.0 3.4554e-10
36.0 0.0 3.4208e-10
36.02 0.0 3.3865e-10
36.04 0.0 3.3525e-10
36.06 0.0 3.3188e-10
36.08 0.0 3.2855e-10
36.1 0.0 3.2525e-10
36.12 0.0 3.2198e-10
36.14 0.0 3.1874e-10
36.16 0.0 3.1553e-10
36.18 0.0 3.1236e-10
36.2 0.0 3.0921e-10
36.22 0.0 3.0609e-10
36.24 0.0 3.0301e-10
36.26 0.0 2.9995e-10
36.28 0.0 2.9692e-10
36.3 0.0 2.9393e-10
36.32 0.0 2.9096e-10
36.34 0.0 2.8802e-10
36.36 0.0 2.8511e-10
36.38 0.0 2.8222e-10
36.4 0.0 2.7937e-10
36.42 0.0 2.7654e-10
36.44 0.0 2.7374e-10
36.46 0.0 2.7096e-10
36.48 0.0 2.6822e-10
36.5 0.0 2.655e-10
36.52 0.0 2.628e-10
36.54 0.0 2.6013e-10
36.56 0.0 2.5749e-10
36.58 0.0 2.5488e-10
36.6 0.0 2.5229e-10
36.62 0.0 2.4972e-10
36.64 0.0 2.4718e-10
36.66 0.0 2.4466e-10
36.68 0.0 2.4217e-10
36.7 0.0 2.397e-10
36.72 0.0 2.3726e-10
36.74 0.0 2.3484e-10
36.76 0.0 2.3244e-10
36.78 0.0 2.3007e-10
36.8 0.0 2.2772e-10
36.82 0.0 2.2539e-10
36.84 0.0 2.2309e-10
36.86 0.0 2.2081e-10
36.88 0.0 2.1855e-10
36.9 0.0 2.1631e-10
36.92 0.0 2.141e-10
36.94 0.0 2.119e-10
36.96 0.0 2.0973e-10
36.98 0.0 2.0758e-10
37.0 0.0 2.0545e-10
37.02 0.0 2.0334e-10
37.04 0.0 2.0125e-10
37.06 0.0 1.9919e-10
37.08 0.0 1.9714e-10
37.1 0.0 1.9511e-10
37.12 0.0 1.931e-10
37.14 0.0 1.9112e-10
37.16 0.0 1.8915e-10
37.18 0.0 1.872e-10
37.2 0.0 1.8527e-10
37.22 0.0 1.8336e-10
37.24 0.0 1.8147e-10
37.26 0.0 1.796e-10
37.28 0.0 1.7774e-10
37.3 0.0 1.759e-10
37.32 0.0 1.7409e-10
37.34 0.0 1.7229e-10
37.36 0.0 1.705e-10
37.38 0.0 1.6874e-10
37.4 0.0 1.6699e-10
37.42 0.0 1.6526e-10
37.44 0.0 1.6355e-10
37.46 0.0 1.6185e-10
37.48 0.0 1.6018e-10
37.5 0.0 1.5851e-10
37.52 0.0 1.5687e-10
37.54 0.0 1.5524e-10
37.56 0.0 1.5363e-10
37.58 0.0 1.5203e-10
37.6 0.0 1.5045e-10
37.62 0.0 1.4888e-10
37.64 0.0 1.4733e-10
37.66 0.0 1.458e-10
37.68 0.0 1.4428e-10
37.7 0.0 1.4277e-10
37.72 0.0 1.4129e-10
37.74 0.0 1.3981e-10
37.76 0.0 1.3835e-10
37.78 0.0 1.3691e-10
37.8 0.0 1.3548e-10
37.82 0.0 1.3406e-10
37.84 0.0 1.3266e-10
37.86 0.0 1.3127e-10
37.88 0.0 1.299e-10
37.9 0.0 1.2854e-10
37.92 0.0 1.2719e-10
37.94 0.0 1.2586e-10
37.96 0.0 1.2454e-10
37.98 0.0 1.2323e-10
38.0 0.0 1.2194e-10
38.02 0.0 1.2066e-10
38.04 0.0 1.1939e-10
38.06 0.0 1.1814e-10
38.08 0.0 1.1689e-10
38.1 0.0 1.1566e-10
38.12 0.0 1.1445e-10
38.14 0.0 1.1324e-10
38.16 0.0 1.1205e-10
38.18 0.0 1.1087e-10
38.2 0.0 1.097e-10
38.22 0.0 1.0854e-10
38.24 0.0 1.074e-10
38.26 0.0 1.0627e-10
38.28 0.0 1.0514e-10
38.3 0.0 1.0403e-10
38.32 0.0 1.0293e-10
38.34 0.0 1.0184e-10
38.36 0.0 1.0077e-10
38.38 0.0 9.97e-11
38.4 0.0 9.8645e-11
38.42 0.0 9.76e-11
38.44 0.0 9.6566e-11
38.46 0.0 9.5542e-11
38.48 0.0 9.4528e-11
38.5 0.0 9.3525e-11
38.52 0.0 9.2532e-11
38.54 0.0 9.155e-11
38.56 0.0 9.0577e-11
38.58 0.0 8.9614e-11
38.6 0.0 8.8661e-11
38.62 0.0 8.7717e-11
38.64 0.0 8.6784e-11
38.66 0.0 8.586e-11
38.68 0.0 8.4945e-11
38.7 0.0 8.4039e-11
38.72 0.0 8.3143e-11
38.74 0.0 8.2256e-11
38.76 0.0 8.1378e-11
38.78 0.0 8.0509e-11
38.8 0.0 7.9649e-11
38.82 0.0 7.8798e-11
38.84 0.0 7.7956e-11
38.86 0.0 7.7122e-11
38.88 0.0 7.6297e-11
38.9 0.0 7.548e-11
38.92 0.0 7.4671e-11
38.94 0.0 7.3871e-11
38.96 0.0 7.3079e-11
38.98 0.0 7.2296e-11
39.0 0.0 7.152e-11
39.02 0.0 7.0752e-11
39.04 0.0 6.9993e-11
39.06 0.0 6.9241e-11
39.08 0.0 6.8496e-11
39.1 0.0 6.776e-11
39.12 0.0 6.7031e-11
39.14 0.0 6.631e-11
39.16 0.0 6.5596e-11
39.18 0.0 6.4889e-11
39.2 0.0 6.419e-11
39.22 0.0 6.3498e-11
39.24 0.0 6.2813e-11
39.26 0.0 6.2135e-11
39.28 0.0 6.1465e-11
39.3 0.0 6.0801e-11
39.32 0.0 6.0144e-11
39.34 0.0 5.9494e-11
39.36 0.0 5.885e-11
39.38 0.0 5.8214e-11
39.4 0.0 5.7584e-11
39.42 0.0 5.696e-11
39.44 0.0 5.6343e-11
39.46 0.0 5.5733e-11
39.48 0.0 5.5128e-11
39.5 0.0 5.453e-11
39.52 0.0 5.3939e-11
39.54 0.0 5.3353e-11
39.56 0.0 5.2774e-11
39.58 0.0 5.22e-11
39.6 0.0 5.1633e-11
39.62 0.0 5.1071e-11
39.64 0.0 5.0516e-11
39.66 0.0 4.9966e-11
39.68 0.0 4.9422e-11
39.7 0.0 4.8883e-11
39.72 0.0 4.8351e-11
39.74 0.0 4.7824e-11
39.76 0.0 4.7302e-11
39.78 0.0 4.6786e-11
39.8 0.0 4.6275e-11
39.82 0.0 4.577e-11
39.84 0.0 4.5269e-11
39.86 0.0 4.4775e-11
39.88 0.0 4.4285e-11
39.9 0.0 4.38e-11
39.92 0.0 4.3321e-11
39.94 0.0 4.2847e-11
39.96 0.0 4.2377e-11
39.98 0.0 4.1913e-11
40.0 0.0 4.1453e-11
40.02 0.0 4.0999e-11
40.04 0.0 4.0549e-11
40.06 0.0 4.0104e-11
40.08 0.0 3.9663e-11
40.1 0.0 3.9227e-11
40.12 0.0 3.8796e-11
40.14 0.0 3.837e-11
40.16 0.0 3.7948e-11
40.18 0.0 3.753e-11
40.2 0.0 3.7117e-11
40.22 0.0 3.6708e-11
40.24 0.0 3.6303e-11
40.26 0.0 3.5903e-11
40.28 0.0 3.5507e-11
40.3 0.0 3.5115e-11
40.32 0.0 3.4728e-11
40.34 0.0 3.4344e-11
40.36 0.0 3.3965e-11
40.38 0.0 3.3589e-11
40.4 0.0 3.3218e-11
40.42 0.0 3.285e-11
40.44 0.0 3.2487e-11
40.46 0.0 3.2127e-11
40.48 0.0 3.1771e-11
40.5 0.0 3.1419e-11
40.52 0.0 3.1071e-11
40.54 0.0 3.0726e-11
40.56 0.0 3.0385e-11
40.58 0.0 3.0048e-11
40.6 0.0 2.9714e-11
40.62 0.0 2.9384e-11
40.64 0.0 2.9058e-11
40.66 0.0 2.8735e-11
40.68 0.0 2.8415e-11
40.7 0.0 2.8099e-11
40.72 0.0 2.7786e-11
40.74 0.0 2.7477e-11
40.76 0.0 2.717e-11
40.78 0.0 2.6868e-11
40.8 0.0 2.6568e-11
40.82 0.0 2.6272e-11
40.84 0.0 2.5978e-11
40.86 0.0 2.5688e-11
40.88 0.0 2.5401e-11
40.9 0.0 2.5118e-11
40.92 0.0 2.4837e-11
40.94 0.0 2.4559e-11
40.96 0.0 2.4284e-11
40.98 0.0 2.4012e-11
41.0 0.0 2.3743e-11
41.02 0.0 2.3478e-11
41.04 0.0 2.3214e-11
41.06 0.0 2.2954e-11
41.08 0.0 2.2697e-11
41.1 0.0 2.2442e-11
41.12 0.0 2.219e-11
41.14 0.0 2.1941e-11
41.16 0.0 2.1694e-11
41.18 0.0 2.145e-11
41.2 0.0 2.1209e-11
41.22 0.0 2.0971e-11
41.24 0.0 2.0735e-11
41.26 0.0 2.0501e-11
41.28 0.0 2.027e-11
41.3 0.0 2.0042e-11
41.32 0.0 1.9816e-11
41.34 0.0 1.9592e-11
41.36 0.0 1.9371e-11
41.38 0.0 1.9153e-11
41.4 0.0 1.8936e-11
41.42 0.0 1.8723e-11
41.44 0.0 1.8511e-11
41.46 0.0 1.8302e-11
41.48 0.0 1.8095e-11
41.5 0.0 1.789e-11
41.52 0.0 1.7687e-11
41.54 0.0 1.7487e-11
41.56 0.0 1.7289e-11
41.58 0.0 1.7093e-11
41.6 0.0 1.6899e-11
41.62 0.0 1.6708e-11
41.64 0.0 1.6518e-11
41.66 0.0 1.633e-11
41.68 0.0 1.6145e-11
41.7 0.0 1.5961e-11
41.72 0.0 1.578e-11
41.74 0.0 1.5601e-11
41.76 0.0 1.5423e-11
41.78 0.0 1.5248e-11
41.8 0.0 1.5074e-11
41.82 0.0 1.4902e-11
41.84 0.0 1.4733e-11
41.86 0.0 1.4565e-11
41.88 0.0 1.4398e-11
41.9 0.0 1.4234e-11
41.92 0.0 1.4072e-11
41.94 0.0 1.3911e-11
41.96 0.0 1.3752e-11
41.98 0.0 1.3648e-11
42.0 0.0 1.3648e-11
