tests/resources/spe_LST_2022-04-27_AP2.0e-4.ecsv
# %ECSV 1.0
# ---
# datatype:
# - {name: amplitude, datatype: float64}
# - {name: frequency (prompt), datatype: float64}
# - {name: frequency (prompt+afterpulsing), datatype: float64}
# meta: !!omap
# - comments: [Norm_spe processing of single-p.e. response., Table with 250 rows has been read from file /tmp/tmpkhjx0zvr, Scaling x axis
#       by factor 0.995334, Scaling y axis by factor 0.0527663, Folding in afterpulse spectrum from file 'tests/resources/LST_afterpulses.dat'
#       enforcing uniform, sampling of 2011 steps of size 0.019907 from 0.009953 to 40.022379., 'Afterpulse ratio (prompt x AP folded)
#       above 4.000000 mean p.e.: 0.000194', 'Mean(prompt) = 1.000, peak at 1.174 (sum=1.000)', 'Fraction of events below 10% of mean:
#       0.044', 'Fraction of events below 20% of mean: 0.083', 'Fraction of events below 30% of mean: 0.117', 'Sqrt(Excess noise factor):
#       1.103, ENF = 1.216', 'Note: collection efficiency losses should be included in low amplitude signals.', Rebinning to 2101 uniform
#       steps of size 0.020000 from 0.000000 to 42.000000.]
# - CTA:
#     ACTIVITY:
#       END: '2025-01-06T13:27:47+00:00'
#       ID: 1aa11e50-a4ec-4654-b221-08e77e93afed
#       NAME: derive_photon_electron_spectrum
#       SOFTWARE: {NAME: simtools, VERSION: 0.8.3.dev106+g9fc2e7f29.d20250106}
#       START: '2025-01-06T13:27:47+00:00'
#       TYPE: software
#     CONTACT: {NAME: root, ORGANIZATION: CTAO}
#     PROCESS: {TYPE: simulation}
#     PRODUCT:
#       CREATION_TIME: '2025-01-06T13:27:47+00:00'
#       DATA: {CATEGORY: SIM, LEVEL: R1, TYPE: Service}
#       FILENAME: test_single_pe_lst.ecsv
#       FORMAT: ecsv
#       ID: 81e36a55-0628-40d7-bd1a-d8c68626a12f
#     REFERENCE: {VERSION: 1.0.0}
# schema: astropy-2.0
amplitude "frequency (prompt)" "frequency (prompt+afterpulsing)"
0.0 0.4694 0.4694
0.02 0.46378 0.46378
0.04 0.45267 0.45267
0.06 0.44172 0.44172
0.08 0.43095 0.43095
0.1 0.42037 0.42037
0.12 0.41002 0.41002
0.14 0.39991 0.39991
0.16 0.39008 0.39008
0.18 0.38055 0.38055
0.2 0.37138 0.37138
0.22 0.36259 0.36259
0.24 0.35425 0.35425
0.26 0.34638 0.34639
0.28 0.33907 0.33907
0.3 0.33236 0.33236
0.32 0.32632 0.32632
0.34 0.32101 0.32101
0.36 0.31652 0.31652
0.38 0.31292 0.31292
0.4 0.31028 0.31028
0.42 0.30868 0.30868
0.44 0.3082 0.3082
0.46 0.30893 0.30893
0.48 0.31093 0.31093
0.5 0.31427 0.31427
0.52 0.31903 0.31903
0.54 0.32525 0.32525
0.56 0.33299 0.33299
0.58 0.34227 0.34227
0.6 0.35312 0.35312
0.62 0.36553 0.36554
0.64 0.3795 0.3795
0.66 0.39497 0.39498
0.68 0.4119 0.4119
0.7 0.43017 0.43017
0.72 0.44968 0.44968
0.74 0.47027 0.47027
0.76 0.49173 0.49174
0.78 0.51383 0.51383
0.8 0.53619 0.53619
0.82 0.55814 0.55814
0.84 0.5875 0.5875
0.86 0.62269 0.6227
0.88 0.65875 0.65875
0.9 0.6943 0.6943
0.92 0.72905 0.72905
0.94 0.76269 0.76269
0.96 0.79492 0.79492
0.98 0.82543 0.82543
1.0 0.85392 0.85392
1.02 0.8801 0.88011
1.04 0.90372 0.90373
1.06 0.92453 0.92453
1.08 0.94229 0.94229
1.1 0.95682 0.95682
1.12 0.96796 0.96797
1.14 0.9756 0.9756
1.16 0.97963 0.97964
1.18 0.98002 0.98003
1.2 0.97677 0.97677
1.22 0.96991 0.96991
1.24 0.95951 0.95951
1.26 0.94569 0.94569
1.28 0.9286 0.92861
1.3 0.90844 0.90844
1.32 0.8854 0.8854
1.34 0.85973 0.85974
1.36 0.8317 0.83171
1.38 0.8016 0.80161
1.4 0.76971 0.76971
1.42 0.73634 0.73634
1.44 0.70179 0.7018
1.46 0.66638 0.66638
1.48 0.6304 0.6304
1.5 0.59414 0.59414
1.52 0.55788 0.55789
1.54 0.52189 0.52189
1.56 0.4864 0.4864
1.58 0.45164 0.45164
1.6 0.4178 0.4178
1.62 0.38505 0.38506
1.64 0.35356 0.35356
1.66 0.32343 0.32343
1.68 0.29476 0.29477
1.7 0.26764 0.26765
1.72 0.24211 0.24211
1.74 0.2182 0.2182
1.76 0.19591 0.19592
1.78 0.17525 0.17526
1.8 0.15618 0.15619
1.82 0.13867 0.13868
1.84 0.12267 0.12267
1.86 0.1081 0.10811
1.88 0.094914 0.094921
1.9 0.083024 0.083031
1.92 0.072352 0.072359
1.94 0.062818 0.062825
1.96 0.054336 0.054343
1.98 0.046825 0.046832
2.0 0.040201 0.040208
2.02 0.034386 0.034393
2.04 0.029303 0.02931
2.06 0.024877 0.024884
2.08 0.021042 0.021049
2.1 0.017731 0.017738
2.12 0.014886 0.014893
2.14 0.012451 0.012458
2.16 0.010377 0.010384
2.18 0.0086156 0.0086226
2.2 0.0071268 0.0071339
2.22 0.0058735 0.0058806
2.24 0.0048226 0.0048297
2.26 0.0039449 0.0039521
2.28 0.0032151 0.0032223
2.3 0.0026105 0.0026177
2.32 0.0021117 0.002119
2.34 0.0017019 0.0017092
2.36 0.0013665 0.0013738
2.38 0.0010931 0.0011005
2.4 0.0008712 0.00087856
2.42 0.00069174 0.00069913
2.44 0.00054722 0.00055463
2.46 0.00043128 0.00043872
2.48 0.00033864 0.00034611
2.5 0.00026491 0.00027241
2.52 0.00020646 0.00021399
2.54 0.00016031 0.00016787
2.56 0.00012402 0.0001316
2.58 9.5583e-05 0.0001032
2.6 7.3394e-05 8.1035e-05
2.62 5.6146e-05 6.3816e-05
2.64 4.2793e-05 5.049e-05
2.66 3.2494e-05 4.022e-05
2.68 2.4582e-05 3.2337e-05
2.7 1.8527e-05 2.6311e-05
2.72 1.3912e-05 2.1725e-05
2.74 1.0408e-05 1.825e-05
2.76 7.7571e-06 1.5628e-05
2.78 5.7601e-06 1.3661e-05
2.8 4.2613e-06 1.2192e-05
2.82 3.1408e-06 1.1101e-05
2.84 2.3063e-06 1.0297e-05
2.86 1.6873e-06 9.7077e-06
2.88 1.2298e-06 9.2806e-06
2.9 8.9303e-07 8.9745e-06
2.92 6.4607e-07 8.7583e-06
2.94 4.6567e-07 8.6089e-06
2.96 3.344e-07 8.5089e-06
2.98 2.3924e-07 8.4452e-06
3.0 1.7052e-07 8.4082e-06
3.02 1.2109e-07 8.3907e-06
3.04 8.5669e-08 8.3874e-06
3.06 6.0384e-08 8.3945e-06
3.08 4.2404e-08 8.4091e-06
3.1 2.9667e-08 8.4292e-06
3.12 2.0678e-08 8.4533e-06
3.14 1.436e-08 8.4802e-06
3.16 9.9349e-09 8.5092e-06
3.18 6.848e-09 8.5398e-06
3.2 4.7027e-09 8.5716e-06
3.22 3.2175e-09 8.6042e-06
3.24 2.1931e-09 8.6375e-06
3.26 1.4893e-09 8.6712e-06
3.28 1.0077e-09 8.7054e-06
3.3 6.7922e-10 8.7399e-06
3.32 4.5613e-10 8.7747e-06
3.34 3.0518e-10 8.8097e-06
3.36 2.0342e-10 8.8449e-06
3.38 1.3509e-10 8.8803e-06
3.4 8.9382e-11 8.9159e-06
3.42 5.8918e-11 8.9516e-06
3.44 3.8692e-11 8.9874e-06
3.46 2.5316e-11 9.0233e-06
3.48 1.6502e-11 9.0593e-06
3.5 1.0717e-11 9.0954e-06
3.52 6.9339e-12 9.1316e-06
3.54 4.4696e-12 9.1679e-06
3.56 2.8704e-12 9.2043e-06
3.58 1.8366e-12 9.2407e-06
3.6 1.1707e-12 9.2771e-06
3.62 7.4349e-13 9.3136e-06
3.64 4.7042e-13 9.3502e-06
3.66 2.9653e-13 9.3868e-06
3.68 1.8623e-13 9.4234e-06
3.7 1.1652e-13 9.46e-06
3.72 7.2634e-14 9.4966e-06
3.74 4.5108e-14 9.5333e-06
3.76 2.791e-14 9.57e-06
3.78 1.7205e-14 9.6066e-06
3.8 1.0566e-14 9.6433e-06
3.82 6.4649e-15 9.68e-06
3.84 3.9408e-15 9.7166e-06
3.86 2.3933e-15 9.7533e-06
3.88 1.4481e-15 9.7899e-06
3.9 8.7291e-16 9.8266e-06
3.92 5.2424e-16 9.8632e-06
3.94 3.1367e-16 9.8998e-06
3.96 1.8698e-16 9.9363e-06
3.98 1.1104e-16 9.9729e-06
4.0 6.5702e-17 1.0009e-05
4.02 3.8729e-17 1.0046e-05
4.04 2.2745e-17 1.0082e-05
4.06 1.3308e-17 1.0119e-05
4.08 7.7575e-18 1.0155e-05
4.1 4.5052e-18 1.0192e-05
4.12 2.6067e-18 1.0228e-05
4.14 1.5026e-18 1.0264e-05
4.16 8.6291e-19 1.0301e-05
4.18 4.9372e-19 1.0338e-05
4.2 2.8143e-19 1.0377e-05
4.22 1.5983e-19 1.0417e-05
4.24 9.0428e-20 1.0459e-05
4.26 5.0973e-20 1.0503e-05
4.28 2.8626e-20 1.0548e-05
4.3 1.6016e-20 1.0594e-05
4.32 8.9274e-21 1.0642e-05
4.34 4.9577e-21 1.0691e-05
4.36 2.7429e-21 1.0741e-05
4.38 1.5119e-21 1.0793e-05
4.4 8.3028e-22 1.0846e-05
4.42 4.5425e-22 1.09e-05
4.44 2.476e-22 1.0955e-05
4.46 1.3446e-22 1.1012e-05
4.48 7.2743e-23 1.1069e-05
4.5 3.9209e-23 1.1128e-05
4.52 2.1055e-23 1.1188e-05
4.54 1.1264e-23 1.1249e-05
4.56 6.0038e-24 1.1311e-05
4.58 3.1881e-24 1.1374e-05
4.6 1.6866e-24 1.1439e-05
4.62 8.8894e-25 1.1504e-05
4.64 4.6678e-25 1.157e-05
4.66 2.4419e-25 1.1638e-05
4.68 1.2727e-25 1.1707e-05
4.7 6.6083e-26 1.1776e-05
4.72 3.4185e-26 1.1847e-05
4.74 1.7618e-26 1.1918e-05
4.76 9.0462e-27 1.199e-05
4.78 4.6275e-27 1.2063e-05
4.8 2.3583e-27 1.2137e-05
4.82 1.1974e-27 1.2212e-05
4.84 6.0568e-28 1.2288e-05
4.86 3.0523e-28 1.2365e-05
4.88 1.5325e-28 1.2443e-05
4.9 7.6652e-29 1.2523e-05
4.92 3.8198e-29 1.2604e-05
4.94 1.8964e-29 1.2687e-05
4.96 9.3796e-30 1.2771e-05
4.98 6.9808e-30 1.2857e-05
5.0 2.2899e-30 1.2944e-05
5.02 0.0 1.3033e-05
5.04 0.0 1.3125e-05
5.06 0.0 1.3218e-05
5.08 0.0 1.3314e-05
5.1 0.0 1.3412e-05
5.12 0.0 1.3512e-05
5.14 0.0 1.3615e-05
5.16 0.0 1.3721e-05
5.18 0.0 1.3829e-05
5.2 0.0 1.3941e-05
5.22 0.0 1.4054e-05
5.24 0.0 1.417e-05
5.26 0.0 1.4286e-05
5.28 0.0 1.4403e-05
5.3 0.0 1.4522e-05
5.32 0.0 1.4642e-05
5.34 0.0 1.4763e-05
5.36 0.0 1.4886e-05
5.38 0.0 1.501e-05
5.4 0.0 1.5136e-05
5.42 0.0 1.5262e-05
5.44 0.0 1.5391e-05
5.46 0.0 1.552e-05
5.48 0.0 1.5651e-05
5.5 0.0 1.5783e-05
5.52 0.0 1.5916e-05
5.54 0.0 1.605e-05
5.56 0.0 1.6185e-05
5.58 0.0 1.6321e-05
5.6 0.0 1.6459e-05
5.62 0.0 1.6597e-05
5.64 0.0 1.6736e-05
5.66 0.0 1.6875e-05
5.68 0.0 1.7015e-05
5.7 0.0 1.7156e-05
5.72 0.0 1.7296e-05
5.74 0.0 1.7436e-05
5.76 0.0 1.7577e-05
5.78 0.0 1.7717e-05
5.8 0.0 1.7856e-05
5.82 0.0 1.7994e-05
5.84 0.0 1.8132e-05
5.86 0.0 1.8269e-05
5.88 0.0 1.8404e-05
5.9 0.0 1.8538e-05
5.92 0.0 1.867e-05
5.94 0.0 1.8801e-05
5.96 0.0 1.893e-05
5.98 0.0 1.9057e-05
6.0 0.0 1.9181e-05
6.02 0.0 1.9304e-05
6.04 0.0 1.9424e-05
6.06 0.0 1.9541e-05
6.08 0.0 1.9655e-05
6.1 0.0 1.9767e-05
6.12 0.0 1.9876e-05
6.14 0.0 1.9981e-05
6.16 0.0 2.0084e-05
6.18 0.0 2.0182e-05
6.2 0.0 2.0277e-05
6.22 0.0 2.0369e-05
6.24 0.0 2.0456e-05
6.26 0.0 2.054e-05
6.28 0.0 2.062e-05
6.3 0.0 2.0696e-05
6.32 0.0 2.0768e-05
6.34 0.0 2.0836e-05
6.36 0.0 2.09e-05
6.38 0.0 2.096e-05
6.4 0.0 2.1016e-05
6.42 0.0 2.1068e-05
6.44 0.0 2.1116e-05
6.46 0.0 2.116e-05
6.48 0.0 2.1201e-05
6.5 0.0 2.1238e-05
6.52 0.0 2.1272e-05
6.54 0.0 2.1302e-05
6.56 0.0 2.133e-05
6.58 0.0 2.1354e-05
6.6 0.0 2.1376e-05
6.62 0.0 2.1395e-05
6.64 0.0 2.1411e-05
6.66 0.0 2.1424e-05
6.68 0.0 2.1436e-05
6.7 0.0 2.1445e-05
6.72 0.0 2.1451e-05
6.74 0.0 2.1457e-05
6.76 0.0 2.146e-05
6.78 0.0 2.1462e-05
6.8 0.0 2.1462e-05
6.82 0.0 2.1461e-05
6.84 0.0 2.1459e-05
6.86 0.0 2.1457e-05
6.88 0.0 2.1453e-05
6.9 0.0 2.1448e-05
6.92 0.0 2.1443e-05
6.94 0.0 2.1438e-05
6.96 0.0 2.1432e-05
6.98 0.0 2.1425e-05
7.0 0.0 2.1419e-05
7.02 0.0 2.1412e-05
7.04 0.0 2.1404e-05
7.06 0.0 2.1397e-05
7.08 0.0 2.139e-05
7.1 0.0 2.1382e-05
7.12 0.0 2.1374e-05
7.14 0.0 2.1367e-05
7.16 0.0 2.1359e-05
7.18 0.0 2.1352e-05
7.2 0.0 2.1346e-05
7.22 0.0 2.1341e-05
7.24 0.0 2.1335e-05
7.26 0.0 2.1331e-05
7.28 0.0 2.1327e-05
7.3 0.0 2.1323e-05
7.32 0.0 2.132e-05
7.34 0.0 2.1317e-05
7.36 0.0 2.1314e-05
7.38 0.0 2.1312e-05
7.4 0.0 2.131e-05
7.42 0.0 2.1309e-05
7.44 0.0 2.1307e-05
7.46 0.0 2.1306e-05
7.48 0.0 2.1305e-05
7.5 0.0 2.1304e-05
7.52 0.0 2.1303e-05
7.54 0.0 2.1302e-05
7.56 0.0 2.13e-05
7.58 0.0 2.1298e-05
7.6 0.0 2.1295e-05
7.62 0.0 2.1291e-05
7.64 0.0 2.1287e-05
7.66 0.0 2.1282e-05
7.68 0.0 2.1276e-05
7.7 0.0 2.1269e-05
7.72 0.0 2.1261e-05
7.74 0.0 2.1253e-05
7.76 0.0 2.1244e-05
7.78 0.0 2.1235e-05
7.8 0.0 2.1225e-05
7.82 0.0 2.1214e-05
7.84 0.0 2.1203e-05
7.86 0.0 2.1191e-05
7.88 0.0 2.1179e-05
7.9 0.0 2.1166e-05
7.92 0.0 2.1153e-05
7.94 0.0 2.114e-05
7.96 0.0 2.1126e-05
7.98 0.0 2.1112e-05
8.0 0.0 2.1097e-05
8.02 0.0 2.1082e-05
8.04 0.0 2.1067e-05
8.06 0.0 2.1051e-05
8.08 0.0 2.1035e-05
8.1 0.0 2.102e-05
8.12 0.0 2.1004e-05
8.14 0.0 2.0988e-05
8.16 0.0 2.0972e-05
8.18 0.0 2.0957e-05
8.2 0.0 2.0942e-05
8.22 0.0 2.0927e-05
8.24 0.0 2.0912e-05
8.26 0.0 2.0897e-05
8.28 0.0 2.0883e-05
8.3 0.0 2.0868e-05
8.32 0.0 2.0855e-05
8.34 0.0 2.0841e-05
8.36 0.0 2.0827e-05
8.38 0.0 2.0814e-05
8.4 0.0 2.0801e-05
8.42 0.0 2.0789e-05
8.44 0.0 2.0777e-05
8.46 0.0 2.0765e-05
8.48 0.0 2.0753e-05
8.5 0.0 2.0742e-05
8.52 0.0 2.073e-05
8.54 0.0 2.0719e-05
8.56 0.0 2.0707e-05
8.58 0.0 2.0695e-05
8.6 0.0 2.0682e-05
8.62 0.0 2.0669e-05
8.64 0.0 2.0655e-05
8.66 0.0 2.064e-05
8.68 0.0 2.0625e-05
8.7 0.0 2.0609e-05
8.72 0.0 2.0592e-05
8.74 0.0 2.0574e-05
8.76 0.0 2.0555e-05
8.78 0.0 2.0535e-05
8.8 0.0 2.0514e-05
8.82 0.0 2.0491e-05
8.84 0.0 2.0468e-05
8.86 0.0 2.0443e-05
8.88 0.0 2.0417e-05
8.9 0.0 2.0389e-05
8.92 0.0 2.0361e-05
8.94 0.0 2.0331e-05
8.96 0.0 2.03e-05
8.98 0.0 2.0268e-05
9.0 0.0 2.0236e-05
9.02 0.0 2.0202e-05
9.04 0.0 2.0168e-05
9.06 0.0 2.0132e-05
9.08 0.0 2.0096e-05
9.1 0.0 2.006e-05
9.12 0.0 2.0022e-05
9.14 0.0 1.9985e-05
9.16 0.0 1.9946e-05
9.18 0.0 1.9907e-05
9.2 0.0 1.9868e-05
9.22 0.0 1.9828e-05
9.24 0.0 1.9789e-05
9.26 0.0 1.9749e-05
9.28 0.0 1.9708e-05
9.3 0.0 1.9668e-05
9.32 0.0 1.9628e-05
9.34 0.0 1.9588e-05
9.36 0.0 1.9549e-05
9.38 0.0 1.9509e-05
9.4 0.0 1.947e-05
9.42 0.0 1.9432e-05
9.44 0.0 1.9394e-05
9.46 0.0 1.9356e-05
9.48 0.0 1.9318e-05
9.5 0.0 1.9281e-05
9.52 0.0 1.9243e-05
9.54 0.0 1.9205e-05
9.56 0.0 1.9167e-05
9.58 0.0 1.9129e-05
9.6 0.0 1.9092e-05
9.62 0.0 1.9054e-05
9.64 0.0 1.9016e-05
9.66 0.0 1.8979e-05
9.68 0.0 1.8942e-05
9.7 0.0 1.8905e-05
9.72 0.0 1.8868e-05
9.74 0.0 1.8832e-05
9.76 0.0 1.8796e-05
9.78 0.0 1.876e-05
9.8 0.0 1.8724e-05
9.82 0.0 1.8689e-05
9.84 0.0 1.8654e-05
9.86 0.0 1.8619e-05
9.88 0.0 1.8585e-05
9.9 0.0 1.8551e-05
9.92 0.0 1.8517e-05
9.94 0.0 1.8484e-05
9.96 0.0 1.8452e-05
9.98 0.0 1.842e-05
10.0 0.0 1.8389e-05
10.02 0.0 1.8358e-05
10.04 0.0 1.8328e-05
10.06 0.0 1.8298e-05
10.08 0.0 1.8269e-05
10.1 0.0 1.824e-05
10.12 0.0 1.8211e-05
10.14 0.0 1.8183e-05
10.16 0.0 1.8155e-05
10.18 0.0 1.8126e-05
10.2 0.0 1.8098e-05
10.22 0.0 1.807e-05
10.24 0.0 1.8042e-05
10.26 0.0 1.8014e-05
10.28 0.0 1.7985e-05
10.3 0.0 1.7956e-05
10.32 0.0 1.7927e-05
10.34 0.0 1.7898e-05
10.36 0.0 1.7868e-05
10.38 0.0 1.7837e-05
10.4 0.0 1.7806e-05
10.42 0.0 1.7775e-05
10.44 0.0 1.7743e-05
10.46 0.0 1.771e-05
10.48 0.0 1.7678e-05
10.5 0.0 1.7644e-05
10.52 0.0 1.761e-05
10.54 0.0 1.7575e-05
10.56 0.0 1.7539e-05
10.58 0.0 1.7503e-05
10.6 0.0 1.7465e-05
10.62 0.0 1.7427e-05
10.64 0.0 1.7388e-05
10.66 0.0 1.7348e-05
10.68 0.0 1.7307e-05
10.7 0.0 1.7265e-05
10.72 0.0 1.7222e-05
10.74 0.0 1.7178e-05
10.76 0.0 1.7134e-05
10.78 0.0 1.7088e-05
10.8 0.0 1.7042e-05
10.82 0.0 1.6994e-05
10.84 0.0 1.6944e-05
10.86 0.0 1.6893e-05
10.88 0.0 1.6841e-05
10.9 0.0 1.6788e-05
10.92 0.0 1.6733e-05
10.94 0.0 1.6678e-05
10.96 0.0 1.6622e-05
10.98 0.0 1.6565e-05
11.0 0.0 1.6508e-05
11.02 0.0 1.645e-05
11.04 0.0 1.6391e-05
11.06 0.0 1.6333e-05
11.08 0.0 1.6274e-05
11.1 0.0 1.6215e-05
11.12 0.0 1.6156e-05
11.14 0.0 1.6097e-05
11.16 0.0 1.6039e-05
11.18 0.0 1.598e-05
11.2 0.0 1.5922e-05
11.22 0.0 1.5864e-05
11.24 0.0 1.5806e-05
11.26 0.0 1.5749e-05
11.28 0.0 1.5692e-05
11.3 0.0 1.5636e-05
11.32 0.0 1.5581e-05
11.34 0.0 1.5526e-05
11.36 0.0 1.5472e-05
11.38 0.0 1.5418e-05
11.4 0.0 1.5365e-05
11.42 0.0 1.5313e-05
11.44 0.0 1.5261e-05
11.46 0.0 1.521e-05
11.48 0.0 1.516e-05
11.5 0.0 1.511e-05
11.52 0.0 1.506e-05
11.54 0.0 1.5011e-05
11.56 0.0 1.4962e-05
11.58 0.0 1.4913e-05
11.6 0.0 1.4864e-05
11.62 0.0 1.4816e-05
11.64 0.0 1.4768e-05
11.66 0.0 1.4719e-05
11.68 0.0 1.4671e-05
11.7 0.0 1.4622e-05
11.72 0.0 1.4573e-05
11.74 0.0 1.4523e-05
11.76 0.0 1.4473e-05
11.78 0.0 1.4423e-05
11.8 0.0 1.4374e-05
11.82 0.0 1.4324e-05
11.84 0.0 1.4274e-05
11.86 0.0 1.4224e-05
11.88 0.0 1.4173e-05
11.9 0.0 1.4122e-05
11.92 0.0 1.407e-05
11.94 0.0 1.4018e-05
11.96 0.0 1.3965e-05
11.98 0.0 1.3911e-05
12.0 0.0 1.3857e-05
12.02 0.0 1.3802e-05
12.04 0.0 1.3746e-05
12.06 0.0 1.3689e-05
12.08 0.0 1.3632e-05
12.1 0.0 1.3573e-05
12.12 0.0 1.3514e-05
12.14 0.0 1.3454e-05
12.16 0.0 1.3394e-05
12.18 0.0 1.3332e-05
12.2 0.0 1.327e-05
12.22 0.0 1.3207e-05
12.24 0.0 1.3143e-05
12.26 0.0 1.3077e-05
12.28 0.0 1.3011e-05
12.3 0.0 1.2944e-05
12.32 0.0 1.2877e-05
12.34 0.0 1.2809e-05
12.36 0.0 1.274e-05
12.38 0.0 1.2671e-05
12.4 0.0 1.2602e-05
12.42 0.0 1.2532e-05
12.44 0.0 1.2463e-05
12.46 0.0 1.2393e-05
12.48 0.0 1.2323e-05
12.5 0.0 1.2254e-05
12.52 0.0 1.2185e-05
12.54 0.0 1.2116e-05
12.56 0.0 1.2047e-05
12.58 0.0 1.1979e-05
12.6 0.0 1.1912e-05
12.62 0.0 1.1845e-05
12.64 0.0 1.1779e-05
12.66 0.0 1.1714e-05
12.68 0.0 1.1649e-05
12.7 0.0 1.1586e-05
12.72 0.0 1.1524e-05
12.74 0.0 1.1463e-05
12.76 0.0 1.1403e-05
12.78 0.0 1.1345e-05
12.8 0.0 1.1288e-05
12.82 0.0 1.1233e-05
12.84 0.0 1.1179e-05
12.86 0.0 1.1127e-05
12.88 0.0 1.1076e-05
12.9 0.0 1.1026e-05
12.92 0.0 1.0978e-05
12.94 0.0 1.0932e-05
12.96 0.0 1.0886e-05
12.98 0.0 1.0842e-05
13.0 0.0 1.08e-05
13.02 0.0 1.0758e-05
13.04 0.0 1.0718e-05
13.06 0.0 1.0678e-05
13.08 0.0 1.064e-05
13.1 0.0 1.0602e-05
13.12 0.0 1.0566e-05
13.14 0.0 1.053e-05
13.16 0.0 1.0494e-05
13.18 0.0 1.0459e-05
13.2 0.0 1.0425e-05
13.22 0.0 1.039e-05
13.24 0.0 1.0355e-05
13.26 0.0 1.032e-05
13.28 0.0 1.0285e-05
13.3 0.0 1.0249e-05
13.32 0.0 1.0213e-05
13.34 0.0 1.0176e-05
13.36 0.0 1.0139e-05
13.38 0.0 1.0101e-05
13.4 0.0 1.0063e-05
13.42 0.0 1.0024e-05
13.44 0.0 9.9846e-06
13.46 0.0 9.9444e-06
13.48 0.0 9.9038e-06
13.5 0.0 9.8627e-06
13.52 0.0 9.8213e-06
13.54 0.0 9.7794e-06
13.56 0.0 9.7371e-06
13.58 0.0 9.6945e-06
13.6 0.0 9.6515e-06
13.62 0.0 9.6082e-06
13.64 0.0 9.5646e-06
13.66 0.0 9.5208e-06
13.68 0.0 9.4767e-06
13.7 0.0 9.4325e-06
13.72 0.0 9.3882e-06
13.74 0.0 9.3438e-06
13.76 0.0 9.2993e-06
13.78 0.0 9.2547e-06
13.8 0.0 9.2102e-06
13.82 0.0 9.1657e-06
13.84 0.0 9.1212e-06
13.86 0.0 9.0768e-06
13.88 0.0 9.0325e-06
13.9 0.0 8.9883e-06
13.92 0.0 8.9442e-06
13.94 0.0 8.9002e-06
13.96 0.0 8.8564e-06
13.98 0.0 8.8129e-06
14.0 0.0 8.7695e-06
14.02 0.0 8.7264e-06
14.04 0.0 8.6834e-06
14.06 0.0 8.6406e-06
14.08 0.0 8.598e-06
14.1 0.0 8.5554e-06
14.12 0.0 8.5129e-06
14.14 0.0 8.4704e-06
14.16 0.0 8.4279e-06
14.18 0.0 8.3854e-06
14.2 0.0 8.3429e-06
14.22 0.0 8.3003e-06
14.24 0.0 8.2575e-06
14.26 0.0 8.2146e-06
14.28 0.0 8.1716e-06
14.3 0.0 8.1283e-06
14.32 0.0 8.0849e-06
14.34 0.0 8.0413e-06
14.36 0.0 7.9975e-06
14.38 0.0 7.9535e-06
14.4 0.0 7.9094e-06
14.42 0.0 7.8653e-06
14.44 0.0 7.8212e-06
14.46 0.0 7.7771e-06
14.48 0.0 7.733e-06
14.5 0.0 7.6888e-06
14.52 0.0 7.6448e-06
14.54 0.0 7.6007e-06
14.56 0.0 7.5567e-06
14.58 0.0 7.5129e-06
14.6 0.0 7.4691e-06
14.62 0.0 7.4255e-06
14.64 0.0 7.3821e-06
14.66 0.0 7.3388e-06
14.68 0.0 7.2958e-06
14.7 0.0 7.253e-06
14.72 0.0 7.2105e-06
14.74 0.0 7.1683e-06
14.76 0.0 7.1264e-06
14.78 0.0 7.0848e-06
14.8 0.0 7.0436e-06
14.82 0.0 7.0027e-06
14.84 0.0 6.9622e-06
14.86 0.0 6.9222e-06
