tests/resources/spe_LST_2022-04-27_AP2.0e-4.ecsv
# %ECSV 1.0
# ---
# datatype:
# - {name: amplitude, datatype: float64}
# - {name: frequency (prompt), datatype: float64}
# - {name: frequency (prompt+afterpulsing), datatype: float64}
# meta: !!omap
# - comments: [Norm_spe processing of single-p.e. response., Table with 250 rows has been read from file /tmp/tmpkhjx0zvr, Scaling x axis
#       by factor 0.995334, Scaling y axis by factor 0.0527663, Folding in afterpulse spectrum from file 'tests/resources/LST_afterpulses.dat'
#       enforcing uniform, sampling of 2011 steps of size 0.019907 from 0.009953 to 40.022379., 'Afterpulse ratio (prompt x AP folded)
#       above 4.000000 mean p.e.: 0.000194', 'Mean(prompt) = 1.000, peak at 1.174 (sum=1.000)', 'Fraction of events below 10% of mean:
#       0.044', 'Fraction of events below 20% of mean: 0.083', 'Fraction of events below 30% of mean: 0.117', 'Sqrt(Excess noise factor):
#       1.103, ENF = 1.216', 'Note: collection efficiency losses should be included in low amplitude signals.', Rebinning to 2101 uniform
#       steps of size 0.020000 from 0.000000 to 42.000000.]
# - CTA:
#     ACTIVITY:
#       END: '2025-01-06T13:27:47+00:00'
#       ID: 1aa11e50-a4ec-4654-b221-08e77e93afed
#       NAME: derive_photon_electron_spectrum
#       SOFTWARE: {NAME: simtools, VERSION: 0.8.3.dev106+g9fc2e7f29.d20250106}
#       START: '2025-01-06T13:27:47+00:00'
#       TYPE: software
#     CONTACT: {NAME: root, ORGANIZATION: CTAO}
#     PROCESS: {TYPE: simulation}
#     PRODUCT:
#       CREATION_TIME: '2025-01-06T13:27:47+00:00'
#       DATA: {CATEGORY: SIM, LEVEL: R1, TYPE: Service}
#       FILENAME: test_single_pe_lst.ecsv
#       FORMAT: ecsv
#       ID: 81e36a55-0628-40d7-bd1a-d8c68626a12f
#     REFERENCE: {VERSION: 1.0.0}
# schema: astropy-2.0
amplitude "frequency (prompt)" "frequency (prompt+afterpulsing)"
[from data line 745]
14.9 0.0 6.8434e-06
14.92 0.0 6.8047e-06
14.94 0.0 6.7664e-06
14.96 0.0 6.7286e-06
14.98 0.0 6.6911e-06
15.0 0.0 6.654e-06
15.02 0.0 6.6172e-06
15.04 0.0 6.5809e-06
15.06 0.0 6.5449e-06
15.08 0.0 6.5093e-06
15.1 0.0 6.4741e-06
15.12 0.0 6.4393e-06
15.14 0.0 6.405e-06
15.16 0.0 6.371e-06
15.18 0.0 6.3374e-06
15.2 0.0 6.3043e-06
15.22 0.0 6.2715e-06
15.24 0.0 6.2392e-06
15.26 0.0 6.2073e-06
15.28 0.0 6.1758e-06
15.3 0.0 6.1447e-06
15.32 0.0 6.1141e-06
15.34 0.0 6.0838e-06
15.36 0.0 6.054e-06
15.38 0.0 6.0246e-06
15.4 0.0 5.9956e-06
15.42 0.0 5.967e-06
15.44 0.0 5.9388e-06
15.46 0.0 5.9111e-06
15.48 0.0 5.8836e-06
15.5 0.0 5.8565e-06
15.52 0.0 5.8297e-06
15.54 0.0 5.8032e-06
15.56 0.0 5.777e-06
15.58 0.0 5.751e-06
15.6 0.0 5.7253e-06
15.62 0.0 5.6999e-06
15.64 0.0 5.6746e-06
15.66 0.0 5.6496e-06
15.68 0.0 5.6248e-06
15.7 0.0 5.6001e-06
15.72 0.0 5.5756e-06
15.74 0.0 5.5512e-06
15.76 0.0 5.527e-06
15.78 0.0 5.5028e-06
15.8 0.0 5.4787e-06
15.82 0.0 5.4547e-06
15.84 0.0 5.4307e-06
15.86 0.0 5.4067e-06
15.88 0.0 5.3826e-06
15.9 0.0 5.3585e-06
15.92 0.0 5.3345e-06
15.94 0.0 5.3105e-06
15.96 0.0 5.2866e-06
15.98 0.0 5.2627e-06
16.0 0.0 5.2389e-06
16.02 0.0 5.2151e-06
16.04 0.0 5.1913e-06
16.06 0.0 5.1675e-06
16.08 0.0 5.1436e-06
16.1 0.0 5.1196e-06
16.12 0.0 5.0956e-06
16.14 0.0 5.0714e-06
16.16 0.0 5.0472e-06
16.18 0.0 5.0228e-06
16.2 0.0 4.9982e-06
16.22 0.0 4.9736e-06
16.24 0.0 4.9487e-06
16.26 0.0 4.9238e-06
16.28 0.0 4.8986e-06
16.3 0.0 4.8733e-06
16.32 0.0 4.8479e-06
16.34 0.0 4.8222e-06
16.36 0.0 4.7964e-06
16.38 0.0 4.7705e-06
16.4 0.0 4.7444e-06
16.42 0.0 4.7181e-06
16.44 0.0 4.6917e-06
16.46 0.0 4.6652e-06
16.48 0.0 4.6385e-06
16.5 0.0 4.6117e-06
16.52 0.0 4.5848e-06
16.54 0.0 4.5577e-06
16.56 0.0 4.5306e-06
16.58 0.0 4.5034e-06
16.6 0.0 4.4762e-06
16.62 0.0 4.4488e-06
16.64 0.0 4.4215e-06
16.66 0.0 4.3941e-06
16.68 0.0 4.3666e-06
16.7 0.0 4.3391e-06
16.72 0.0 4.3114e-06
16.74 0.0 4.2837e-06
16.76 0.0 4.256e-06
16.78 0.0 4.2283e-06
16.8 0.0 4.2006e-06
16.82 0.0 4.173e-06
16.84 0.0 4.1454e-06
16.86 0.0 4.118e-06
16.88 0.0 4.0907e-06
16.9 0.0 4.0635e-06
16.92 0.0 4.0365e-06
16.94 0.0 4.0097e-06
16.96 0.0 3.9831e-06
16.98 0.0 3.9567e-06
17.0 0.0 3.9306e-06
17.02 0.0 3.9047e-06
17.04 0.0 3.8791e-06
17.06 0.0 3.8538e-06
17.08 0.0 3.8288e-06
17.1 0.0 3.8042e-06
17.12 0.0 3.7799e-06
17.14 0.0 3.7561e-06
17.16 0.0 3.7327e-06
17.18 0.0 3.7097e-06
17.2 0.0 3.6871e-06
17.22 0.0 3.6649e-06
17.24 0.0 3.6431e-06
17.26 0.0 3.6217e-06
17.28 0.0 3.6006e-06
17.3 0.0 3.5799e-06
17.32 0.0 3.5595e-06
17.34 0.0 3.5394e-06
17.36 0.0 3.5196e-06
17.38 0.0 3.5001e-06
17.4 0.0 3.4808e-06
17.42 0.0 3.4618e-06
17.44 0.0 3.443e-06
17.46 0.0 3.4243e-06
17.48 0.0 3.4058e-06
17.5 0.0 3.3875e-06
17.52 0.0 3.3693e-06
17.54 0.0 3.3511e-06
17.56 0.0 3.3331e-06
17.58 0.0 3.3151e-06
17.6 0.0 3.2971e-06
17.62 0.0 3.2792e-06
17.64 0.0 3.2613e-06
17.66 0.0 3.2433e-06
17.68 0.0 3.2253e-06
17.7 0.0 3.2072e-06
17.72 0.0 3.189e-06
17.74 0.0 3.1707e-06
17.76 0.0 3.1523e-06
17.78 0.0 3.1338e-06
17.8 0.0 3.1152e-06
17.82 0.0 3.0964e-06
17.84 0.0 3.0775e-06
17.86 0.0 3.0585e-06
17.88 0.0 3.0395e-06
17.9 0.0 3.0203e-06
17.92 0.0 3.001e-06
17.94 0.0 2.9816e-06
17.96 0.0 2.9621e-06
17.98 0.0 2.9426e-06
18.0 0.0 2.923e-06
18.02 0.0 2.9034e-06
18.04 0.0 2.8837e-06
18.06 0.0 2.8641e-06
18.08 0.0 2.8444e-06
18.1 0.0 2.8248e-06
18.12 0.0 2.8052e-06
18.14 0.0 2.7857e-06
18.16 0.0 2.7664e-06
18.18 0.0 2.7471e-06
18.2 0.0 2.728e-06
18.22 0.0 2.709e-06
18.24 0.0 2.6902e-06
18.26 0.0 2.6715e-06
18.28 0.0 2.6529e-06
18.3 0.0 2.6345e-06
18.32 0.0 2.6163e-06
18.34 0.0 2.5983e-06
18.36 0.0 2.5804e-06
18.38 0.0 2.5627e-06
18.4 0.0 2.5451e-06
18.42 0.0 2.5277e-06
18.44 0.0 2.5105e-06
18.46 0.0 2.4934e-06
18.48 0.0 2.4765e-06
18.5 0.0 2.4597e-06
18.52 0.0 2.4431e-06
18.54 0.0 2.4267e-06
18.56 0.0 2.4104e-06
18.58 0.0 2.3943e-06
18.6 0.0 2.3783e-06
18.62 0.0 2.3624e-06
18.64 0.0 2.3467e-06
18.66 0.0 2.3311e-06
18.68 0.0 2.3156e-06
18.7 0.0 2.3001e-06
18.72 0.0 2.2848e-06
18.74 0.0 2.2695e-06
18.76 0.0 2.2543e-06
18.78 0.0 2.2391e-06
18.8 0.0 2.224e-06
18.82 0.0 2.2089e-06
18.84 0.0 2.1938e-06
18.86 0.0 2.1788e-06
18.88 0.0 2.1638e-06
18.9 0.0 2.1489e-06
18.92 0.0 2.1339e-06
18.94 0.0 2.119e-06
18.96 0.0 2.1041e-06
18.98 0.0 2.0891e-06
19.0 0.0 2.0741e-06
19.02 0.0 2.0591e-06
19.04 0.0 2.0442e-06
19.06 0.0 2.0292e-06
19.08 0.0 2.0142e-06
19.1 0.0 1.9992e-06
19.12 0.0 1.9843e-06
19.14 0.0 1.9694e-06
19.16 0.0 1.9545e-06
19.18 0.0 1.9397e-06
19.2 0.0 1.9249e-06
19.22 0.0 1.9102e-06
19.24 0.0 1.8955e-06
19.26 0.0 1.881e-06
19.28 0.0 1.8664e-06
19.3 0.0 1.852e-06
19.32 0.0 1.8377e-06
19.34 0.0 1.8235e-06
19.36 0.0 1.8093e-06
19.38 0.0 1.7953e-06
19.4 0.0 1.7813e-06
19.42 0.0 1.7675e-06
19.44 0.0 1.7538e-06
19.46 0.0 1.7403e-06
19.48 0.0 1.7269e-06
19.5 0.0 1.7137e-06
19.52 0.0 1.7008e-06
19.54 0.0 1.688e-06
19.56 0.0 1.6755e-06
19.58 0.0 1.6632e-06
19.6 0.0 1.6511e-06
19.62 0.0 1.6391e-06
19.64 0.0 1.6274e-06
19.66 0.0 1.6158e-06
19.68 0.0 1.6044e-06
19.7 0.0 1.5932e-06
19.72 0.0 1.5822e-06
19.74 0.0 1.5713e-06
19.76 0.0 1.5606e-06
19.78 0.0 1.55e-06
19.8 0.0 1.5395e-06
19.82 0.0 1.5292e-06
19.84 0.0 1.5189e-06
19.86 0.0 1.5088e-06
19.88 0.0 1.4988e-06
19.9 0.0 1.4888e-06
19.92 0.0 1.479e-06
19.94 0.0 1.4692e-06
19.96 0.0 1.4594e-06
19.98 0.0 1.4497e-06
20.0 0.0 1.4399e-06
20.02 0.0 1.4302e-06
20.04 0.0 1.4204e-06
20.06 0.0 1.4106e-06
20.08 0.0 1.4009e-06
20.1 0.0 1.3911e-06
20.12 0.0 1.3813e-06
20.14 0.0 1.3715e-06
20.16 0.0 1.3616e-06
20.18 0.0 1.3518e-06
20.2 0.0 1.342e-06
20.22 0.0 1.3321e-06
20.24 0.0 1.3223e-06
20.26 0.0 1.3125e-06
20.28 0.0 1.3026e-06
20.3 0.0 1.2928e-06
20.32 0.0 1.283e-06
20.34 0.0 1.2733e-06
20.36 0.0 1.2635e-06
20.38 0.0 1.2539e-06
20.4 0.0 1.2443e-06
20.42 0.0 1.2347e-06
20.44 0.0 1.2253e-06
20.46 0.0 1.2159e-06
20.48 0.0 1.2067e-06
20.5 0.0 1.1976e-06
20.52 0.0 1.1885e-06
20.54 0.0 1.1796e-06
20.56 0.0 1.1709e-06
20.58 0.0 1.1622e-06
20.6 0.0 1.1537e-06
20.62 0.0 1.1453e-06
20.64 0.0 1.1371e-06
20.66 0.0 1.129e-06
20.68 0.0 1.121e-06
20.7 0.0 1.1131e-06
20.72 0.0 1.1054e-06
20.74 0.0 1.0978e-06
20.76 0.0 1.0904e-06
20.78 0.0 1.083e-06
20.8 0.0 1.0758e-06
20.82 0.0 1.0686e-06
20.84 0.0 1.0616e-06
20.86 0.0 1.0547e-06
20.88 0.0 1.0479e-06
20.9 0.0 1.0412e-06
20.92 0.0 1.0346e-06
20.94 0.0 1.0281e-06
20.96 0.0 1.0216e-06
20.98 0.0 1.0152e-06
21.0 0.0 1.0089e-06
21.02 0.0 1.0026e-06
21.04 0.0 9.9628e-07
21.06 0.0 9.9002e-07
21.08 0.0 9.8377e-07
21.1 0.0 9.7754e-07
21.12 0.0 9.7131e-07
21.14 0.0 9.6508e-07
21.16 0.0 9.5884e-07
21.18 0.0 9.5259e-07
21.2 0.0 9.4633e-07
21.22 0.0 9.4005e-07
21.24 0.0 9.3376e-07
21.26 0.0 9.2744e-07
21.28 0.0 9.2111e-07
21.3 0.0 9.1476e-07
21.32 0.0 9.0839e-07
21.34 0.0 9.0201e-07
21.36 0.0 8.9561e-07
21.38 0.0 8.8921e-07
21.4 0.0 8.8281e-07
21.42 0.0 8.764e-07
21.44 0.0 8.7e-07
21.46 0.0 8.636e-07
21.48 0.0 8.5721e-07
21.5 0.0 8.5084e-07
21.52 0.0 8.4448e-07
21.54 0.0 8.3815e-07
21.56 0.0 8.3183e-07
21.58 0.0 8.2555e-07
21.6 0.0 8.193e-07
21.62 0.0 8.1308e-07
21.64 0.0 8.069e-07
21.66 0.0 8.0077e-07
21.68 0.0 7.9467e-07
21.7 0.0 7.8863e-07
21.72 0.0 7.8264e-07
21.74 0.0 7.7671e-07
21.76 0.0 7.7083e-07
21.78 0.0 7.6502e-07
21.8 0.0 7.5926e-07
21.82 0.0 7.5358e-07
21.84 0.0 7.4796e-07
21.86 0.0 7.4241e-07
21.88 0.0 7.3693e-07
21.9 0.0 7.3152e-07
21.92 0.0 7.2619e-07
21.94 0.0 7.2092e-07
21.96 0.0 7.1573e-07
21.98 0.0 7.1062e-07
22.0 0.0 7.0558e-07
22.02 0.0 7.006e-07
22.04 0.0 6.957e-07
22.06 0.0 6.9086e-07
22.08 0.0 6.8609e-07
22.1 0.0 6.8139e-07
22.12 0.0 6.7675e-07
22.14 0.0 6.7217e-07
22.16 0.0 6.6765e-07
22.18 0.0 6.632e-07
22.2 0.0 6.588e-07
22.22 0.0 6.5445e-07
22.24 0.0 6.5016e-07
22.26 0.0 6.4593e-07
22.28 0.0 6.4174e-07
22.3 0.0 6.376e-07
22.32 0.0 6.3351e-07
22.34 0.0 6.2946e-07
22.36 0.0 6.2546e-07
22.38 0.0 6.2149e-07
22.4 0.0 6.1757e-07
22.42 0.0 6.1368e-07
22.44 0.0 6.0982e-07
22.46 0.0 6.0599e-07
22.48 0.0 6.022e-07
22.5 0.0 5.9844e-07
22.52 0.0 5.947e-07
22.54 0.0 5.9099e-07
22.56 0.0 5.873e-07
22.58 0.0 5.8363e-07
22.6 0.0 5.7999e-07
22.62 0.0 5.7637e-07
22.64 0.0 5.7278e-07
22.66 0.0 5.692e-07
22.68 0.0 5.6565e-07
22.7 0.0 5.6211e-07
22.72 0.0 5.5859e-07
22.74 0.0 5.5508e-07
22.76 0.0 5.5159e-07
22.78 0.0 5.4811e-07
22.8 0.0 5.4464e-07
22.82 0.0 5.4117e-07
22.84 0.0 5.3772e-07
22.86 0.0 5.3428e-07
22.88 0.0 5.3084e-07
22.9 0.0 5.2741e-07
22.92 0.0 5.2398e-07
22.94 0.0 5.2056e-07
22.96 0.0 5.1714e-07
22.98 0.0 5.1372e-07
23.0 0.0 5.1031e-07
23.02 0.0 5.0689e-07
23.04 0.0 5.0347e-07
23.06 0.0 5.0006e-07
23.08 0.0 4.9664e-07
23.1 0.0 4.9322e-07
23.12 0.0 4.898e-07
23.14 0.0 4.8638e-07
23.16 0.0 4.8297e-07
23.18 0.0 4.7955e-07
23.2 0.0 4.7614e-07
23.22 0.0 4.7272e-07
23.24 0.0 4.6931e-07
23.26 0.0 4.659e-07
23.28 0.0 4.6249e-07
23.3 0.0 4.5908e-07
23.32 0.0 4.5567e-07
23.34 0.0 4.5226e-07
23.36 0.0 4.4886e-07
23.38 0.0 4.4545e-07
23.4 0.0 4.4205e-07
23.42 0.0 4.3865e-07
23.44 0.0 4.3526e-07
23.46 0.0 4.3186e-07
23.48 0.0 4.2848e-07
23.5 0.0 4.2509e-07
23.52 0.0 4.2172e-07
23.54 0.0 4.1835e-07
23.56 0.0 4.1498e-07
23.58 0.0 4.1163e-07
23.6 0.0 4.0828e-07
23.62 0.0 4.0493e-07
23.64 0.0 4.016e-07
23.66 0.0 3.9827e-07
23.68 0.0 3.9495e-07
23.7 0.0 3.9164e-07
23.72 0.0 3.8834e-07
23.74 0.0 3.8505e-07
23.76 0.0 3.8177e-07
23.78 0.0 3.785e-07
23.8 0.0 3.7524e-07
23.82 0.0 3.7199e-07
23.84 0.0 3.6875e-07
23.86 0.0 3.6553e-07
23.88 0.0 3.6231e-07
23.9 0.0 3.5911e-07
23.92 0.0 3.5594e-07
23.94 0.0 3.5278e-07
23.96 0.0 3.4965e-07
23.98 0.0 3.4654e-07
24.0 0.0 3.4345e-07
24.02 0.0 3.4038e-07
24.04 0.0 3.3733e-07
24.06 0.0 3.343e-07
24.08 0.0 3.3129e-07
24.1 0.0 3.2831e-07
24.12 0.0 3.2534e-07
24.14 0.0 3.2239e-07
24.16 0.0 3.1946e-07
24.18 0.0 3.1654e-07
24.2 0.0 3.1365e-07
24.22 0.0 3.1077e-07
24.24 0.0 3.0791e-07
24.26 0.0 3.0507e-07
24.28 0.0 3.0224e-07
24.3 0.0 2.9943e-07
24.32 0.0 2.9663e-07
24.34 0.0 2.9386e-07
24.36 0.0 2.9109e-07
24.38 0.0 2.8835e-07
24.4 0.0 2.8562e-07
24.42 0.0 2.8293e-07
24.44 0.0 2.8025e-07
24.46 0.0 2.776e-07
24.48 0.0 2.7497e-07
24.5 0.0 2.7237e-07
24.52 0.0 2.6978e-07
24.54 0.0 2.6722e-07
24.56 0.0 2.6468e-07
24.58 0.0 2.6215e-07
24.6 0.0 2.5965e-07
24.62 0.0 2.5717e-07
24.64 0.0 2.5471e-07
24.66 0.0 2.5226e-07
24.68 0.0 2.4984e-07
24.7 0.0 2.4744e-07
24.72 0.0 2.4505e-07
24.74 0.0 2.4269e-07
24.76 0.0 2.4035e-07
24.78 0.0 2.3803e-07
24.8 0.0 2.3573e-07
24.82 0.0 2.3345e-07
24.84 0.0 2.3119e-07
24.86 0.0 2.2896e-07
24.88 0.0 2.2675e-07
24.9 0.0 2.2456e-07
24.92 0.0 2.224e-07
24.94 0.0 2.2026e-07
24.96 0.0 2.1814e-07
24.98 0.0 2.1604e-07
25.0 0.0 2.1397e-07
25.02 0.0 2.1193e-07
25.04 0.0 2.0991e-07
25.06 0.0 2.0791e-07
25.08 0.0 2.0594e-07
25.1 0.0 2.04e-07
25.12 0.0 2.0209e-07
25.14 0.0 2.0021e-07
25.16 0.0 1.9835e-07
25.18 0.0 1.9652e-07
25.2 0.0 1.9472e-07
25.22 0.0 1.9295e-07
25.24 0.0 1.9121e-07
25.26 0.0 1.895e-07
25.28 0.0 1.8782e-07
25.3 0.0 1.8616e-07
25.32 0.0 1.8454e-07
25.34 0.0 1.8295e-07
25.36 0.0 1.8139e-07
25.38 0.0 1.7986e-07
25.4 0.0 1.7835e-07
25.42 0.0 1.7688e-07
25.44 0.0 1.7544e-07
25.46 0.0 1.7402e-07
25.48 0.0 1.7264e-07
25.5 0.0 1.7129e-07
25.52 0.0 1.6997e-07
25.54 0.0 1.6868e-07
25.56 0.0 1.6742e-07
25.58 0.0 1.6619e-07
25.6 0.0 1.6498e-07
25.62 0.0 1.6381e-07
25.64 0.0 1.6266e-07
25.66 0.0 1.6153e-07
25.68 0.0 1.6043e-07
25.7 0.0 1.5935e-07
25.72 0.0 1.5829e-07
25.74 0.0 1.5725e-07
25.76 0.0 1.5623e-07
25.78 0.0 1.5522e-07
25.8 0.0 1.5423e-07
25.82 0.0 1.5326e-07
25.84 0.0 1.523e-07
25.86 0.0 1.5135e-07
25.88 0.0 1.5041e-07
25.9 0.0 1.4949e-07
25.92 0.0 1.4857e-07
25.94 0.0 1.4766e-07
25.96 0.0 1.4675e-07
25.98 0.0 1.4585e-07
26.0 0.0 1.4495e-07
26.02 0.0 1.4406e-07
26.04 0.0 1.4317e-07
26.06 0.0 1.4228e-07
26.08 0.0 1.414e-07
26.1 0.0 1.4052e-07
26.12 0.0 1.3963e-07
26.14 0.0 1.3875e-07
26.16 0.0 1.3787e-07
26.18 0.0 1.3699e-07
26.2 0.0 1.3611e-07
26.22 0.0 1.3523e-07
26.24 0.0 1.3434e-07
26.26 0.0 1.3346e-07
26.28 0.0 1.3258e-07
26.3 0.0 1.3171e-07
26.32 0.0 1.3083e-07
26.34 0.0 1.2995e-07
26.36 0.0 1.2908e-07
26.38 0.0 1.282e-07
26.4 0.0 1.2734e-07
26.42 0.0 1.2647e-07
26.44 0.0 1.2561e-07
26.46 0.0 1.2475e-07
26.48 0.0 1.2389e-07
26.5 0.0 1.2305e-07
26.52 0.0 1.222e-07
26.54 0.0 1.2136e-07
26.56 0.0 1.2053e-07
26.58 0.0 1.1971e-07
26.6 0.0 1.1889e-07
26.62 0.0 1.1808e-07
26.64 0.0 1.1728e-07
26.66 0.0 1.1648e-07
26.68 0.0 1.1569e-07
26.7 0.0 1.1491e-07
26.72 0.0 1.1414e-07
26.74 0.0 1.1337e-07
26.76 0.0 1.1261e-07
26.78 0.0 1.1186e-07
26.8 0.0 1.1112e-07
26.82 0.0 1.1038e-07
26.84 0.0 1.0965e-07
26.86 0.0 1.0893e-07
26.88 0.0 1.0821e-07
26.9 0.0 1.0751e-07
26.92 0.0 1.068e-07
26.94 0.0 1.0611e-07
26.96 0.0 1.0541e-07
26.98 0.0 1.0473e-07
27.0 0.0 1.0405e-07
27.02 0.0 1.0337e-07
27.04 0.0 1.027e-07
27.06 0.0 1.0203e-07
27.08 0.0 1.0137e-07
27.1 0.0 1.0071e-07
27.12 0.0 1.0005e-07
27.14 0.0 9.9398e-08
27.16 0.0 9.8748e-08
27.18 0.0 9.81e-08
27.2 0.0 9.7454e-08
27.22 0.0 9.6811e-08
27.24 0.0 9.617e-08
27.26 0.0 9.553e-08
27.28 0.0 9.4893e-08
27.3 0.0 9.4257e-08
27.32 0.0 9.3622e-08
27.34 0.0 9.2989e-08
27.36 0.0 9.2356e-08
27.38 0.0 9.1725e-08
27.4 0.0 9.1095e-08
27.42 0.0 9.0465e-08
27.44 0.0 8.9837e-08
27.46 0.0 8.9209e-08
27.48 0.0 8.8581e-08
27.5 0.0 8.7955e-08
27.52 0.0 8.7328e-08
27.54 0.0 8.6703e-08
27.56 0.0 8.6077e-08
27.58 0.0 8.5452e-08
27.6 0.0 8.4828e-08
27.62 0.0 8.4203e-08
27.64 0.0 8.3579e-08
27.66 0.0 8.2955e-08
27.68 0.0 8.2332e-08
27.7 0.0 8.1709e-08
27.72 0.0 8.1085e-08
27.74 0.0 8.0462e-08
27.76 0.0 7.984e-08
27.78 0.0 7.9217e-08
27.8 0.0 7.8594e-08
27.82 0.0 7.7972e-08
27.84 0.0 7.7349e-08
27.86 0.0 7.6727e-08
27.88 0.0 7.6105e-08
27.9 0.0 7.5483e-08
27.92 0.0 7.4861e-08
27.94 0.0 7.4239e-08
27.96 0.0 7.3617e-08
27.98 0.0 7.2995e-08
28.0 0.0 7.2373e-08
28.02 0.0 7.1751e-08
28.04 0.0 7.1129e-08
28.06 0.0 7.0509e-08
28.08 0.0 6.9891e-08
28.1 0.0 6.9277e-08
28.12 0.0 6.8667e-08
28.14 0.0 6.8059e-08
28.16 0.0 6.7455e-08
28.18 0.0 6.6853e-08
28.2 0.0 6.6255e-08
28.22 0.0 6.5659e-08
28.24 0.0 6.5066e-08
28.26 0.0 6.4476e-08
28.28 0.0 6.3889e-08
28.3 0.0 6.3304e-08
28.32 0.0 6.2722e-08
28.34 0.0 6.2142e-08
28.36 0.0 6.1564e-08
28.38 0.0 6.0989e-08
28.4 0.0 6.0417e-08
28.42 0.0 5.9846e-08
28.44 0.0 5.9278e-08
28.46 0.0 5.8712e-08
28.48 0.0 5.8149e-08
28.5 0.0 5.7588e-08
28.52 0.0 5.7029e-08
28.54 0.0 5.6472e-08
28.56 0.0 5.5917e-08
28.58 0.0 5.5365e-08
28.6 0.0 5.4815e-08
28.62 0.0 5.4268e-08
28.64 0.0 5.3723e-08
28.66 0.0 5.318e-08
28.68 0.0 5.2641e-08
28.7 0.0 5.2104e-08
28.72 0.0 5.157e-08
28.74 0.0 5.1039e-08
28.76 0.0 5.0511e-08
28.78 0.0 4.9986e-08
28.8 0.0 4.9464e-08
28.82 0.0 4.8947e-08
28.84 0.0 4.8433e-08
28.86 0.0 4.7922e-08
28.88 0.0 4.7416e-08
28.9 0.0 4.6914e-08
28.92 0.0 4.6417e-08
28.94 0.0 4.5924e-08
28.96 0.0 4.5437e-08
28.98 0.0 4.4954e-08
29.0 0.0 4.4477e-08
29.02 0.0 4.4006e-08
29.04 0.0 4.3541e-08
29.06 0.0 4.3082e-08
29.08 0.0 4.263e-08
29.1 0.0 4.2184e-08
29.12 0.0 4.1744e-08
29.14 0.0 4.1312e-08
29.16 0.0 4.0886e-08
29.18 0.0 4.0468e-08
29.2 0.0 4.0057e-08
29.22 0.0 3.9652e-08
29.24 0.0 3.9255e-08
29.26 0.0 3.8865e-08
29.28 0.0 3.8483e-08
29.3 0.0 3.8107e-08
29.32 0.0 3.7738e-08
29.34 0.0 3.7376e-08
29.36 0.0 3.702e-08
29.38 0.0 3.6671e-08
29.4 0.0 3.6328e-08
29.42 0.0 3.5992e-08
29.44 0.0 3.5661e-08
29.46 0.0 3.5336e-08
29.48 0.0 3.5016e-08
29.5 0.0 3.4701e-08
29.52 0.0 3.4392e-08
29.54 0.0 3.4087e-08
29.56 0.0 3.3786e-08
29.58 0.0 3.349e-08
29.6 0.0 3.3197e-08
29.62 0.0 3.2908e-08
29.64 0.0 3.2622e-08
29.66 0.0 3.2339e-08
29.68 0.0 3.2059e-08
29.7 0.0 3.1782e-08
29.72 0.0 3.1507e-08
29.74 0.0 3.1235e-08
29.76 0.0 3.0964e-08
29.78 0.0 3.0695e-08
29.8 0.0 3.0428e-08
29.82 0.0 3.0162e-08
29.84 0.0 2.9898e-08
29.86 0.0 2.9634e-08
29.88 0.0 2.9372e-08
29.9 0.0 2.9111e-08
29.92 0.0 2.885e-08
29.94 0.0 2.859e-08
29.96 0.0 2.8331e-08
29.98 0.0 2.8073e-08
30.0 0.0 2.7814e-08
30.02 0.0 2.7557e-08
30.04 0.0 2.73e-08
30.06 0.0 2.7046e-08
30.08 0.0 2.6793e-08
30.1 0.0 2.6541e-08
30.12 0.0 2.6292e-08
30.14 0.0 2.6044e-08
30.16 0.0 2.5797e-08
30.18 0.0 2.5551e-08
30.2 0.0 2.5307e-08
30.22 0.0 2.5065e-08
30.24 0.0 2.4823e-08
30.26 0.0 2.4583e-08
30.28 0.0 2.4344e-08
30.3 0.0 2.4106e-08
30.32 0.0 2.3869e-08
