tests/resources_generation/manual_fixtures/MLTdata-preproduction.ecsv
# %ECSV 1.0
# ---
# datatype:
# - {name: mirror_panel_id, datatype: string, description: mirror panel ID}
# - {name: mirror_curvature_radius, unit: m, datatype: float64, description: mirror panel radius (2f)}
# - {name: psf_opt, unit: 'mm', datatype: float64, description: Average spot size of MLT mirror panels from 2f measurement (d80), best value (not at nominal distance)}
# - {name: psf, unit: 'mm', datatype: float64, description: Average spot size of MLT mirror panels from 2f measurement (d80) at nominal distance of 32.14 m}
# - {name: surface_ref, unit: '', datatype: float64, description: Average surface reflectivity between 300 nm and 500 nm (%)}
mirror_panel_id  mirror_curvature_radius psf_opt  psf  surface_ref
MLT-054    31.807    15.46    20.97    90.2
MLT-055    31.735    13.81    30.19    96.3
MLT-056    32.327    14.32    15.37    95.2
MLT-057    32.165    12.41    12.41    93.5
MLT-058    32.16    13.32    13.32    97
MLT-059    32.08    14.5    17.04    95.8
MLT-060    32.269    12.71    13.54    94.6
MLT-061    32.023    14.13    18.96    94.7
MLT-062    32.11    12.24    12.24    96.3
MLT-063    32.213    12.13    14.71    96.2
MLT-065    32.131    14.98    14.98    97
MLT-066    32.134    14.2    14.2    94.3
MLT-067    31.919    14.5    22.43    96.6
MLT-068    32.055    14.1    19.45    91.7
MLT-069    32.087    18.19    18.74    92.8
MLT-070    32.066    12.84    15.39    92.6
MLT-071    32.051    17.17    20.68    90.2
MLT-072    32.227    13.15    15.37    95.1
MLT-073    32.144    14.88    14.88    93
MLT-074    32.178    12.79    12.79    93
MLT-075    32.113    14.17    14.17    95.2
MLT-076    32.13    16.63    16.63    93.1
MLT-077    32.169    11.57    11.57    93.8
MLT-078    32.176    17.71    17.71    94
MLT-079    32.111    11.01    13.59    94.9
MLT-080    32.18    13.35    13.35    95
MLT-081    32.246    12.25    15.91    95.2
MLT-082    32.16    14.17    14.17    93
MLT-083    32.119    14.17    14.17    95.4
MLT-084    32.227    16.19    17.33    92
MLT-085    32.225    14.02    14.88    91.9
MLT-086    32.187    13.58    13.58    92.2
MLT-088    32.156    13.71    13.71    96.2
MLT-089    32.198    12.09    12.09    90.6
MLT-092    32.146    15.09    15.09    91
MLT-094    32.12    16.62    16.62    95.5
MLT-095    32.186    13.56    14.6    90.6
MLT-096    32.152    16.47    16.47    92.2
MLT-097    32.204    11.19    11.19    93
MLT-098    32.293    15.1    20.64    95.2
MLT-099    32.257    12.77    14.87    95.3
MLT-100    32.151    13.53    13.53    91.9
MLT-101    32.164    13.99    13.99    94.2
MLT-102    32.227    12.57    14.67    95
MLT-103    32.2    12.37    12.65    96.7
MLT-104    32.218    11.36    12.46    94.7
MLT-105    32.15    15.02    15.02    93.1
MLT-106    32.236    13.16    15.15    95.5
MLT-107    32.072    14.14    16.58    92.9
MLT-108    32.17    12.1    12.1    92.8
MLT-109    32.092    12.77    13.66    94.5
MLT-110    32.177    12.44    12.44    94.9
MLT-111    32.231    14.46    16.59    91
MLT-112    32.124    15.22    15.22    93.2
MLT-113    32.147    12.33    12.33    92.2
MLT-114    32.163    9.88    9.88    94.7
MLT-115    32.238    12.47    12.94    91.3
MLT-116    32.262    12.68    13.02    95.3
MLT-117    32.146    13.65    13.65    95
MLT-118    32.243    11.69    15.18    97.6
MLT-119    32.351    17.3    19.54    94.9
MLT-120    32.197    17.49    16.13    96.9
MLT-121    32.159    12.75    12.75    95.3
MLT-122    32.144    17.14    17.14    93.7
MLT-123    32.148    14.23    14.23    94
MLT-124    32.268    13.09    17.14    94
MLT-125    32.159    12.71    12.71    91.5
MLT-126    32.215    12.66    10.94    96
MLT-127    32.267    15.27    13.1    94.9
MLT-128    32.31    14.73    15.87    92
MLT-129    32.312    13.26    12.36    94.7
MLT-130    32.123    13.4    13.4    94.3
MLT-131    32.156    14.12    14.12    93.7
MLT-132    32.156    13.01    13.01    95.4
MLT-133    32.209    14.51    13.19    95
MLT-134    32.192    14.43    14.7    95.1
MLT-135    32.223    13.36    15.78    92.9
MLT-136    32.208    11.72    12.39    95.6
MLT-137    32.162    12.74    12.74    91.5
MLT-138    32.202    14.89    12.69    93.1
MLT-139    32.178    12.27    12.27    94.9
MLT-140    32.189    15.52    12.92    92.8
MLT-141    32.099    16.29    18.23    92.5
MLT-142    32.124    14.21    14.21    92.1
MLT-143    32.15    13.02    13.02    92.5
MLT-144    32.022    12.31    16.32    94.6
MLT-145    32.186    12.86    12.86    91.8
MLT-146    32.182    14.5    14.5    92
MLT-147    32.152    16.83    16.83    92.5
MLT-148    32.224    12.87    11.75    91.5
MLT-149    32.138    14.81    14.81    92.7
MLT-150    32.224    16.14    15.41    92.4
MLT-151    32.214    13.48    20.09    92.4
MLT-152    32.263    14.32    14.43    94
MLT-153    32.23    17.16    14.59    92.9
MLT-154    32.18    18.73    18.73    92.5
MLT-155    32.19    15.02    17.32    94.4
MLT-156    32.12    17.7    17.7    94.4
MLT-157    32.148    13.44    13.44    94.8
MLT-158    32.087    12.16    14.56    93.9
MLT-159    32.164    14.13    14.13    93.6
MLT-160    32.208    14.9    13.54    94
MLT-161    32.07    16.06    17.79    94.1
MLT-162    32.194    17.18    16.61    93.8
MLT-163    32.274    10.5    10.93    94.6
MLT-164    32.171    15.23    15.23    94.6
MLT-165    32.274    12.48    10.58    93.8
MLT-166    32.195    11.71    11.58    94.1
MLT-167    32.276    10.98    11.54    93.5
MLT-169    32.177    13.09    13.09    95.1
MLT-171    32.166    13.7    13.7    93.7
MLT-172    32.187    14    12.12    94.4
MLT-173    32.243    14.23    13.12    92.5
MLT-174    32.043    16.98    19.74    93.4
MLT-175    32.2    16.39    14.01    94.6
MLT-176    32.234    14.27    11.69    94.6
MLT-177    32.229    17.09    14.35    93.8
MLT-178    32.173    14.9    14.9    94.6
MLT-179    32.154    11.03    11.03    94.6
MLT-180    32.193    11.2    10.89    93.6
MLT-181    32.089    12.02    13.86    94.1
MLT-182    32.261    11.72    13.9    92.6
MLT-183    32.112    11.7    11.7    94.1
MLT-184    32.146    14.15    14.15    91.8
MLT-185    32.261    14.72    16.19    94.5
MLT-186    32.138    14.86    14.86    94.8
MLT-187    32.227    13.78    15.36    95
MLT-188    32.166    15.76    15.76    96.3
MLT-189    32.236    17.2    15.67    96
MLT-190    32.142    14.39    14.39    92.5
MLT-191    32.165    15.22    15.22    91.4
MLT-192    32.15     12.73    12.73    96
MLT-193    32.274    15.01    16.23    93.8
MLT-194    32.179    14.2    14.2    92.1
MLT-195    32.166    10.72    10.72    94.1
MLT-196    32.246    13.7    12.5    96
MLT-197    32.093    12.22    12.55    95.4
MLT-198    32.166    15.64    15.64    93
MLT-199    32.126    15.24    15.24    93.8
MLT-200    32.177    13.98    13.98    94.4
MLT-201    32.153    14.05    14.05    93.1
MLT-202    32.137    14.98    14.98    92.1
MLT-203    32.122    14.76    14.76    93.4
MLT-204    32.187    14.09    18.33    95.9
MLT-205    32.142    15.34    15.34    94.9
MLT-206    32.17     15.48    15.48    94.5
MLT-207    32.157    15.14    15.14    92.4
MLT-208    32.179    13.79    13.79    94
MLT-209    32.199    12.82    12.45    94.8
MLT-210    32.3      14.72    18.86    93.5
MLT-211    32.255    10.65    11.39    92.7
MLT-212    32.269    13.51    15.22    94.6
MLT-213    32.202    16.47    16.52    95.5
MLT-214    32.13     15.51    15.51    94.2
MLT-215    32.047    12.95    15.85    94.9
MLT-216    32.099    12.36    15.71    94.7
MLT-218    32.143    14.47    14.47    93.9
MLT-219    32.096    13.6    13.83    94
MLT-220    32.045    15.07    17.31    92.1
MLT-221    32.152    14.56    14.56    94
MLT-222    31.991    14.75    18.56    94.9
MLT-223    32.179    12.96    12.96    93
MLT-224    32.179    12.86    12.86    91.8
MLT-225    32.21     13.21    13.85    92.5
MLT-226    32.236    14.29    13.3    94.6
MLT-227    32.077    13.68    15.27    95.2
MLT-228    32.001    14.5    17.02    94.2
MLT-229    32.148    14.22    14.22    91.2
MLT-230    32.214    15.11    15.2    92.7
MLT-231    32.11     14.75    14.75    95.4
MLT-232    32.07     14.5    17.38    94.1
MLT-233    32.095    12.18    14.19    94.5
MLT-234    32.086    13.21    15.19    94.5
MLT-235    32.125    14.98    14.98    95.1
MLT-236    32.185    16.96    15.34    94.5
MLT-237    32.085    15.61    18.41    94.4
MLT-238    32.086    14.82    14.07    95.5
MLT-239    32.169    12.88    12.88    94.6
MLT-240    32.097    14.71    15.9     94.6
MLT-241    32.075    13.88    15.47    92
MLT-242    32.207    13.17    13.29    91.4
MLT-243    32.128    13.94    13.94    92.4
MLT-244    32.18     13.69    13.69    91.7
MLT-245    32.183    16.72    16.2     92.7
MLT-246    32.172    13.36    13.36    93.1
MLT-247    32.233    15.08    14.56    91.4
MLT-248    32.115    14.87    14.87    93.1
MLT-249    32.183    14.89    13.57    93.2
MLT-250    32.163    11.99    11.99    92.9
MLT-251    32.158    13.64    13.64    92.4
MLT-252    32.021    14.11    17.84    93.2
MLT-254    32.25     12.31    12.3     90.2
MLT-255    32.237    12.71    12.03    93.8
MLT-256    32.312    14.98    15.78    92.4
MLT-257    32.101    15.67    15.67    93.6
MLT-258    32.203    12.74    12.8     93.2
MLT-259    32.244    12.14    13.41    93.1
MLT-260    32.284    14.06    13.56    93.3
MLT-261    32.209    13.91    13.84    93.8
MLT-262    32.146    15.44    15.44    92.3
