tests/resources/generated/model_parameters/sst_photon_incidence_angle_camera_window.ecsv
# %ECSV 1.0
# ---
# datatype:
# - {name: Incidence angle, unit: deg, datatype: float64}
# - {name: Fraction, datatype: float64}
# meta:
#   Description: Distribution of incidence angle on the SST-Camera window. Calculated with ROBAST and provided by Akira. For more details
#     - https://forge.in2p3.fr/issues/37526
#   __serialized_columns__:
#     Fraction:
#       __class__: astropy.units.quantity.Quantity
#       unit: !astropy.units.Unit {unit: ''}
#       value: !astropy.table.SerializedColumn {name: Fraction}
#     Incidence angle:
#       __class__: astropy.units.quantity.Quantity
#       unit: !astropy.units.Unit {unit: deg}
#       value: !astropy.table.SerializedColumn {name: Incidence angle}
#   average incidence angle: 46.45928542939744
# schema: astropy-2.0
"Incidence angle" Fraction
0.05 0.0
0.15 0.0
0.25 0.0
0.35 0.0
0.45 0.0
0.55 0.0
0.65 0.0
0.75 0.0
0.85 0.0
0.95 0.0
1.05 0.0
1.15 0.0
1.25 0.0
1.35 0.0
1.45 0.0
1.55 0.0
1.65 0.0
1.75 0.0
1.85 0.0
1.95 0.0
2.05 0.0
2.15 0.0
2.25 0.0
2.35 0.0
2.45 0.0
2.55 0.0
2.65 0.0
2.75 0.0
2.85 0.0
2.95 0.0
3.05 0.0
3.15 0.0
3.25 0.0
3.35 0.0
3.45 0.0
3.55 0.0
3.65 0.0
3.75 0.0
3.85 0.0
3.95 0.0
4.05 0.0
4.15 0.0
4.25 0.0
4.35 0.0
4.45 0.0
4.55 0.0
4.65 0.0
4.75 0.0
4.85 0.0
4.95 0.0
5.05 0.0
5.15 0.0
5.25 0.0
5.35 0.0
5.45 0.0
5.55 0.0
5.65 0.0
5.75 0.0
5.85 0.0
5.95 0.0
6.05 0.0
6.15 0.0
6.25 0.0
6.35 0.0
6.45 0.0
6.55 0.0
6.65 0.0
6.75 0.0
6.85 0.0
6.95 0.0
7.05 0.0
7.15 0.0
7.25 0.0
7.35 0.0
7.45 0.0
7.55 0.0
7.65 0.0
7.75 0.0
7.85 0.0
7.95 0.0
8.05 0.0
8.15 0.0
8.25 0.0
8.35 0.0
8.45 0.0
8.55 0.0
8.65 0.0
8.75 0.0
8.85 0.0
8.95 0.0
9.05 0.0
9.15 0.0
9.25 0.0
9.35 0.0
9.45 0.0
9.55 0.0
9.65 0.0
9.75 0.0
9.85 0.0
9.95 0.0
10.05 0.0
10.15 0.0
10.25 0.0
10.35 0.0
10.45 0.0
10.55 0.0
10.65 0.0
10.75 0.0
10.85 0.0
10.95 0.0
11.05 0.0
11.15 0.0
11.25 0.0
11.35 0.0
11.45 0.0
11.55 0.0
11.65 0.0
11.75 0.0
11.85 0.0
11.95 0.0
12.05 0.0
12.15 0.0
12.25 0.0
12.35 0.0
12.45 0.0
12.55 0.0
12.65 0.0
12.75 0.0
12.85 0.0
12.95 0.0
13.05 0.0
13.15 0.0
13.25 0.0
13.35 0.0
13.45 0.0
13.55 0.0
13.65 0.0
13.75 0.0
13.85 0.0
13.95 0.0
14.05 0.0
14.15 0.0
14.25 0.0
14.35 0.0
14.45 0.0
14.55 0.0
14.65 0.0
14.75 0.0
14.85 0.0
14.95 0.0
15.05 0.0
15.15 0.0
15.25 0.0
15.35 0.0
15.45 0.0
15.55 0.0
15.65 0.0
15.75 0.0
15.85 0.0
15.95 0.0
16.05 0.0
16.15 0.0
16.25 0.0
16.35 0.0
16.45 0.0
16.55 0.0
16.65 0.0
16.75 0.0
16.85 0.0
16.95 0.0
17.05 0.0
17.15 0.0
17.25 0.0
17.35 0.0
17.45 0.0
17.55 0.0
17.65 0.0
17.75 0.0
17.85 0.0
17.95 0.0
18.05 0.0
18.15 0.0
18.25 0.0
18.35 0.0
18.45 0.0
18.55 0.0
18.65 0.0
18.75 0.0
18.85 0.0
18.95 0.0
19.05 0.0
19.15 0.0
19.25 0.0
19.35 0.0
19.45 0.0
19.55 0.0
19.65 0.0
19.75 0.0
19.85 0.0
19.95 0.0
20.05 0.0
20.15 0.0
20.25 0.0
20.35 0.0
20.45 0.0
20.55 0.0
20.65 0.0
20.75 0.0
20.85 0.0
20.95 0.0
21.05 0.0
21.15 0.0
21.25 0.0
21.35 0.0
21.45 0.0
21.55 0.0
21.65 0.0
21.75 0.0
21.85 0.0
21.95 0.0
22.05 0.0
22.15 0.0
22.25 0.0
22.35 0.0
22.45 0.0
22.55 0.0
22.65 0.0
22.75 0.0
22.85 0.0
22.95 0.0
23.05 0.0
23.15 0.0
23.25 0.0
23.35 0.0
23.45 0.0
23.55 0.0
23.65 0.0
23.75 0.0
23.85 0.0
23.95 0.0
24.05 0.0
24.15 0.0
24.25 0.0
24.35 0.0
24.45 0.0
24.55 0.0
24.65 0.0
24.75 0.0
24.85 0.0003130167615666083
24.95 0.0019849843416419066
25.05 0.0018017550177980382
25.15 0.0017559476868370086
25.25 0.0020995026690443243
25.35 0.002275097437728031
25.45 0.002954572846982271
25.55 0.0037027592526781713
25.65 0.003878354021361879
25.75 0.004046314234885281
25.85 0.0046036367615771906
25.95 0.0053441886121128246
26.05 0.005344188612112635
26.15 0.005611398042718466
26.25 0.006779484982223126
26.35 0.00790939914592698
26.45 0.008565970889700538
26.55 0.009085120640591802
26.65 0.010031805480451787
26.75 0.011146450533834925
26.85 0.01243669035590256
26.95 0.007359711174395376
27.05 0.0
27.15 0.0
27.25 0.0
27.35 0.0
27.45 0.0
27.55 0.0
27.65 0.0
27.75 0.0
27.85 0.0
27.95 0.0
28.05 0.0
28.15 0.0
28.25 0.0
28.35 0.0
28.45 0.0
28.55 0.0
28.65 0.0
28.75 0.0
28.85 0.0
28.95 0.0
29.05 0.0
29.15 0.0
29.25 0.0
29.35 0.0
29.45 0.0
29.55 0.0
29.65 0.0
29.75 0.0
29.85 0.0
29.95 0.004359330996451878
30.05 0.02577425822070414
30.15 0.02645373362995848
30.25 0.026201793309672233
30.35 0.026278138861274773
30.45 0.02638502263351703
30.55 0.0267056739502438
30.65 0.0271255744840517
30.75 0.026827826832806382
30.85 0.025705547224262687
30.95 0.026988152491168805
31.05 0.027408053024978632
31.15 0.027560744128181856
31.25 0.02641556085415674
31.35 0.026934710605048637
31.45 0.02669040483992348
31.55 0.027545475017860553
31.65 0.02771343523138508
31.75 0.026865999608607187
31.85 0.02719428548049412
31.95 0.026942345160207843
32.05 0.027682897010745413
32.15 0.027576013238501194
32.25 0.027889030000069776
32.35 0.028171508540993748
32.45 0.028812811174447263
32.55 0.028270757758077848
32.65 0.02777451167266538
32.75 0.028698292847044848
32.85 0.02839291064064043
32.95 0.02928615359437724
33.05 0.027980644661989726
33.15 0.028347103309679465
33.25 0.028247854092595358
33.35 0.028583774519642436
33.45 0.028789907508968825
33.55 0.028843349395087904
33.65 0.02912582793601593
33.75 0.02863721640576356
33.85 0.02917926982213499
33.95 0.029255615373738678
34.05 0.029110558825693536
34.15 0.029064751494732574
34.25 0.029499921138863842
34.35 0.028934964057009835
34.45 0.028850983950248068
34.55 0.028629581850605438
34.65 0.02904184782925209
34.75 0.02854560174384163
34.85 0.02847689074740221
34.95 0.028912060391529357
35.05 0.029957994448471397
35.15 0.02954572846982481
35.25 0.029835841565908825
35.35 0.029935090782990916
35.45 0.029080020605054966
35.55 0.029362499145978847
35.65 0.03030154943067864
35.75 0.029507555694024003
35.85 0.030377894982280246
35.95 0.02972132323850641
36.05 0.029538093914664647
36.15 0.029675515907545445
36.25 0.029767130569467372
36.35 0.030248107544559664
36.45 0.029423575587260137
36.55 0.02890442583637125
36.65 0.026552982847039632
36.75 0.024109925195788143
36.85 0.024094656085469537
36.95 0.02542306868333582
37.05 0.026896537829246874
37.15 0.0270721325979325
37.25 0.027782146227825537
37.35 0.02888152217088871
37.45 0.029431210142422393
37.55 0.03043133686840137
37.65 0.03127113793601907
37.75 0.03122533060506033
37.85 0.03131694526698004
37.95 0.031057370391534566
38.05 0.030774891850610806
38.15 0.030393164092600566
38.25 0.03100392850541344
38.35 0.030484778754524666
38.45 0.030950486619292315
38.55 0.0303091839858388
38.65 0.031011563060575807
38.75 0.030858871957370387
38.85 0.0313245798221402
38.95 0.03164523113886921
39.05 0.030393164092600566
39.15 0.030950486619294518
39.25 0.03138565626342149
39.35 0.03215674633459774
39.45 0.031148985053458717
39.55 0.030362625871959925
39.65 0.03150780914598406
39.75 0.03157652014242776
39.85 0.03146963637018326
39.95 0.03208040078299613
40.05 0.03222545733104148
40.15 0.03165286569402712
40.25 0.03024047298939735
40.35 0.03173684580079115
40.45 0.031813191352390496
40.55 0.031782653131749855
40.65 0.03205749711751792
40.75 0.0323018028826408
40.85 0.032110939003636776
40.95 0.03228653377232277
41.05 0.03217201544491806
41.15 0.03143146359438245
41.25 0.03289729818513569
41.35 0.031790287686910015
41.45 0.03191244056947259
41.55 0.03165286569402937
41.65 0.03205749711751565
41.75 0.0316070583630684
41.85 0.03208803533815629
41.95 0.0321643808897579
42.05 0.03249266676164713
42.15 0.03273697252676997
42.25 0.03204222800719533
42.35 0.032332341103283736
42.45 0.03213384266911726
42.55 0.033049989288336565
42.65 0.031805556797232605
42.75 0.031813191352390496
42.85 0.0319887861210742
42.95 0.032202553665561
43.05 0.03268353064064884
43.15 0.03243159032036353
43.25 0.03256137775808858
43.35 0.03127877249117924
43.45 0.033027085622856084
43.55 0.03324848772250311
43.65 0.032011689786554685
43.75 0.03269879975096917
43.85 0.03293547096093649
43.95 0.031958247900433556
44.05 0.031828460462710824
44.15 0.032317071992963416
44.25 0.032874394519652864
44.35 0.033156873060578816
44.45 0.032775145302573104
44.55 0.0319887861210742
44.65 0.03284385629901456
44.75 0.03230943743780096
44.85 0.0325155704271253
44.95 0.031179523274099362
45.05 0.031103177722495535
45.15 0.03237814843424241
45.25 0.03172921124563099
45.35 0.03217965000007822
45.45 0.03250793587196514
45.55 0.03275224163709262
45.65 0.03189717145915227
45.75 0.03220255366555871
45.85 0.03336300604990553
45.95 0.03267589608548868
46.05 0.032805683523211414
46.15 0.03300418195737795
46.25 0.0316375965837068
46.35 0.03267589608548868
46.45 0.032416321210045514
46.55 0.0333171987189422
46.65 0.03247739765132449
46.75 0.033164507615741336
46.85 0.03217201544491806
46.95 0.03172921124562873
47.05 0.03250793587196745
47.15 0.033042354733176404
47.25 0.03270643430613165
47.35 0.03279041441289109
47.45 0.03218728455523839
47.55 0.03298127829189746
47.65 0.0333171987189422
47.75 0.03285912540933254
47.85 0.03181319135239276
47.95 0.03204986256235549
48.05 0.031828460462710824
48.15 0.03205749711751792
48.25 0.03241632121004321
48.35 0.031614692918226314
48.45 0.03280568352321375
48.55 0.03223309188619935
48.65 0.03214911177943758
48.75 0.03219491911040084
48.85 0.03214147722427742
48.95 0.03288966362997319
49.05 0.03127877249118146
49.15 0.03231707199296112
49.25 0.03217201544491806
49.35 0.03143146359438469
49.45 0.03209566989331645
49.55 0.033057623843496725
49.65 0.033187411281221824
49.75 0.03256137775808627
49.85 0.03244685943068616
49.95 0.030500047864842825
50.05 0.0321643808897579
50.15 0.032775145302573104
50.25 0.031645231138866955
50.35 0.03228653377232047
50.45 0.031507809145986304
50.55 0.03191244056947259
50.65 0.03259191597872691
50.75 0.03197351701075615
50.85 0.03264535786484803
50.95 0.032110939003636776
51.05 0.031523078256306625
51.15 0.031881902348831946
51.25 0.031889536903992106
51.35 0.032255995551682126
51.45 0.03209566989331645
51.55 0.03218728455523839
51.65 0.032179650000080516
51.75 0.03247739765132449
51.85 0.03204222800719533
51.95 0.03169103846983018
52.05 0.031599423807905994
52.15 0.031752114911109214
52.25 0.03126350338086114
52.35 0.03204222800719533
52.45 0.03250793587196514
52.55 0.03101919761573597
52.65 0.03229416832748064
52.75 0.030736719074809994
52.85 0.031614692918226314
52.95 0.031454367259862934
53.05 0.030782526405770963
53.15 0.03072908451964765
53.25 0.03104973583637441
53.35 0.03156125103210743
53.45 0.031629962028546635
53.55 0.03127113793601907
53.65 0.031446732704705015
53.75 0.03130931071181988
53.85 0.03165286569402712
53.95 0.031416194484064366
54.05 0.03140092537374181
54.15 0.031660500249187276
54.25 0.030988659395095323
54.35 0.032820952633531734
54.45 0.031072639501854894
54.55 0.030790160960931127
54.65 0.031462001815023094
54.75 0.030950486619292315
54.85 0.031141350498298553
54.95 0.031210061494737786
55.05 0.031523078256304383
55.15 0.03137802170826356
55.25 0.031133715943136176
55.35 0.03106500494669694
55.45 0.030393164092600566
55.55 0.029744226903986894
55.65 0.029652612242067073
55.75 0.029011309608611445
55.85 0.02904184782925209
55.95 0.028446352526761563
56.05 0.02843871797159938
56.15 0.028034086548110848
56.25 0.027705800676225904
56.35 0.02711030537373138
56.45 0.02699578704632897
56.55 0.026904172384408953
56.65 0.026720943060563173
56.75 0.02650717551607867
56.85 0.025430703238497793
56.95 0.025041340925327775
57.05 0.0259345838790666
57.15 0.02391142676162566
57.25 0.024690151387960373
57.35 0.024461114733155546
57.45 0.023781639323902915
57.55 0.02422444352319056
57.65 0.022720436156638858
57.75 0.023048722028527417
57.85 0.021888269644181318
57.95 0.022659359715359182
58.05 0.022621186939556767
58.15 0.02239215028475194
58.25 0.021559983772295933
58.35 0.021865365978700837
58.45 0.021414927224251343
58.55 0.020552222491154622
58.65 0.020170494733145115
58.75 0.020735451814997023
58.85 0.019888016192220578
58.95 0.019216175338125002
59.05 0.019399404661968864
59.15 0.01920090622780605
59.25 0.019055849679761625
59.35 0.0182007795018236
59.45 0.01870466014239555
59.55 0.017987011957339098
59.65 0.018658852811433257
59.75 0.017819051743816823
59.85 0.01836873971534714
59.95 0.016994519786518177
60.05 0.017353343879046974
60.15 0.01681892501783448
60.25 0.01613181505342
60.35 0.01710140355876165
60.45 0.01600966217085742
60.55 0.016040200391498064
60.65 0.016024931281178885
60.75 0.015635568968009536
60.85 0.015719549074772424
60.95 0.015498146975126642
61.05 0.015322552206442939
61.15 0.014582000355908368
61.25 0.014879748007153608
61.35 0.01406285060501639
61.45 0.014551462135267725
61.55 0.014162099822098482
61.65 0.014658345907508941
61.75 0.013688757402169481
61.85 0.01397887049825462
61.95 0.013421547971562874
62.05 0.014047581494697068
62.15 0.014001774163735103
62.25 0.013581873629926253
62.35 0.012887129110352528
62.45 0.01262755423490614
62.55 0.01237561391462083
62.65 0.01216184637013719
62.75 0.011696138505366509
62.85 0.01237561391462083
62.95 0.01174194583632831
63.05 0.011673234839886026
63.15 0.011719042170846992
63.25 0.011490005516042982
63.35 0.011299141637038141
63.45 0.011245699750917815
63.55 0.010902144768709774
63.65 0.011253334306077176
63.75 0.01058149345198377
63.85 0.01017686202849449
63.95 0.0101157855872132
64.05 0.010314284021377384
64.15 0.009772230605006656
64.25 0.010123420142374082
64.35 0.009818037935966228
64.45 0.009482117508920522
64.55 0.009466848398600198
64.65 0.009077486085430672
64.75 0.009062216975111642
64.85 0.008596509110341792
64.95 0.00858887455518041
65.05 0.008443818007138565
65.15 0.008436183451978402
65.25 0.008100263024930146
65.35 0.008062090249130491
65.45 0.007817784484005325
65.55 0.00776434259788309
65.65 0.007817784484005325
65.75 0.00789413003560694
65.85 0.007542940498238439
65.95 0.007924668256247585
66.05 0.008176608576532912
66.15 0.00797047558720742
66.25 0.007871226370126454
66.35 0.00784068814948581
66.45 0.007489498612117317
66.55 0.007787246263364679
66.65 0.008436183451978402
66.75 0.0076803624911213255
66.85 0.008191877686853236
66.95 0.007718535266923226
67.05 0.00757347871887908
67.15 0.007367345729555799
67.25 0.007535305943079351
67.35 0.00732153839859483
67.45 0.007291000177953147
67.55 0.007237558291833055
67.65 0.007397883950196445
67.75 0.007275731067632826
67.85 0.006779484982223367
67.95 0.005939683914605608
68.05 0.006214527900370536
68.15 0.00584806925268367
68.25 0.0063519498932543255
68.35 0.005817531032042197
68.45 0.006061836797168191
68.55 0.005382361387913822
68.65 0.005389995943073217
68.75 0.0056113980427186655
68.85 0.00552741793595689
68.95 0.005565590711756905
69.05 0.005680109039160119
69.15 0.00552741793595689
69.25 0.005061710071186321
69.35 0.005596128932398343
69.45 0.005802261921722702
69.55 0.005443437829194339
69.65 0.005542687046277212
69.75 0.005168593843429302
69.85 0.005565590711756905
69.95 0.005328919501792692
70.05 0.005405265053394307
70.15 0.0005115151957307444
70.25 0.0
70.35 0.0
70.45 0.0
70.55 0.0
70.65 0.0
70.75 0.0
70.85 0.0
70.95 0.0
71.05 0.0
71.15 0.0
71.25 0.0
71.35 0.0
71.45 0.0
71.55 0.0
71.65 0.0
71.75 0.0
71.85 0.0
71.95 0.0
72.05 0.0
72.15 0.0
72.25 0.0
72.35 0.0
72.45 0.0
72.55 0.0
72.65 0.0
72.75 0.0
72.85 0.0
72.95 0.0
73.05 0.0
73.15 0.0
73.25 0.0
73.35 0.0
73.45 0.0
73.55 0.0
73.65 0.0
73.75 0.0
73.85 0.0
73.95 0.0
74.05 0.0
74.15 0.0
74.25 0.0
74.35 0.0
74.45 0.0
74.55 0.0
74.65 0.0
74.75 0.0
74.85 0.0
74.95 0.0
75.05 0.0
75.15 0.0
75.25 0.0
75.35 0.0
75.45 0.0
75.55 0.0
75.65 0.0
75.75 0.0
75.85 0.0
75.95 0.0
76.05 0.0
76.15 0.0
76.25 0.0
76.35 0.0
76.45 0.0
76.55 0.0
76.65 0.0
76.75 0.0
76.85 0.0
76.95 0.0
77.05 0.0
77.15 0.0
77.25 0.0
77.35 0.0
77.45 0.0
77.55 0.0
77.65 0.0
77.75 0.0
77.85 0.0
77.95 0.0
78.05 0.0
78.15 0.0
78.25 0.0
78.35 0.0
78.45 0.0
78.55 0.0
78.65 0.0
78.75 0.0
78.85 0.0
78.95 0.0
79.05 0.0
79.15 0.0
79.25 0.0
79.35 0.0
79.45 0.0
79.55 0.0
79.65 0.0
79.75 0.0
79.85 0.0
79.95 0.0
80.05 0.0
80.15 0.0
80.25 0.0
80.35 0.0
80.45 0.0
80.55 0.0
80.65 0.0
80.75 0.0
80.85 0.0
80.95 0.0
81.05 0.0
81.15 0.0
81.25 0.0
81.35 0.0
81.45 0.0
81.55 0.0
81.65 0.0
81.75 0.0
81.85 0.0
81.95 0.0
82.05 0.0
82.15 0.0
82.25 0.0
82.35 0.0
82.45 0.0
82.55 0.0
82.65 0.0
82.75 0.0
82.85 0.0
82.95 0.0
83.05 0.0
83.15 0.0
83.25 0.0
83.35 0.0
83.45 0.0
83.55 0.0
83.65 0.0
83.75 0.0
83.85 0.0
83.95 0.0
84.05 0.0
84.15 0.0
84.25 0.0
84.35 0.0
84.45 0.0
84.55 0.0
84.65 0.0
84.75 0.0
84.85 0.0
84.95 0.0
85.05 0.0
85.15 0.0
85.25 0.0
85.35 0.0
85.45 0.0
85.55 0.0
85.65 0.0
85.75 0.0
85.85 0.0
85.95 0.0
86.05 0.0
86.15 0.0
86.25 0.0
86.35 0.0
86.45 0.0
86.55 0.0
86.65 0.0
86.75 0.0
86.85 0.0
86.95 0.0
87.05 0.0
87.15 0.0
87.25 0.0
87.35 0.0
87.45 0.0
87.55 0.0
87.65 0.0
87.75 0.0
87.85 0.0
87.95 0.0
88.05 0.0
88.15 0.0
88.25 0.0
88.35 0.0
88.45 0.0
88.55 0.0
88.65 0.0
88.75 0.0
88.85 0.0
88.95 0.0
89.05 0.0
89.15 0.0
89.25 0.0
89.35 0.0
89.45 0.0
89.55 0.0
89.65 0.0
89.75 0.0
89.85 0.0
89.95 0.0
